FECHA	ANIO	MES	DIA_NUM_SEM	DIA_NOM_SEM	WEEKEND	ULT_VIE_MES	PUENTES_FESTIVOS	VACACIONES	TEMPORADA
01/01/2023	2023	1	1	DOM	0.5	0	1.25	1	2.75
02/01/2023	2023	1	2	LUN	0	0	0	1	1
03/01/2023	2023	1	3	MAR	0	0	0	1	1
04/01/2023	2023	1	4	MIE	0	0	0	1	1
05/01/2023	2023	1	5	JUE	0	0	0	1	1
06/01/2023	2023	1	6	VIE	0.5	0	0	1	1.5
07/01/2023	2023	1	7	SAB	0.5	0	0	1	1.5
08/01/2023	2023	1	1	DOM	0.5	0	0	1	1.5
09/01/2023	2023	1	2	LUN	0	0	0	0	0
10/01/2023	2023	1	3	MAR	0	0	0	0	0
11/01/2023	2023	1	4	MIE	0	0	0	0	0
12/01/2023	2023	1	5	JUE	0	0	0	0	0
13/01/2023	2023	1	6	VIE	0.5	0	0	0	0.5
14/01/2023	2023	1	7	SAB	0.5	0	0	0	0.5
15/01/2023	2023	1	1	DOM	0.5	0	0	0	0.5
16/01/2023	2023	1	2	LUN	0	0	0	0	0
17/01/2023	2023	1	3	MAR	0	0	0	0	0
18/01/2023	2023	1	4	MIE	0	0	0	0	0
19/01/2023	2023	1	5	JUE	0	0	0	0	0
20/01/2023	2023	1	6	VIE	0.5	0	0	0	0.5
21/01/2023	2023	1	7	SAB	0.5	0	0	0	0.5
22/01/2023	2023	1	1	DOM	0.5	0	0	0	0.5
23/01/2023	2023	1	2	LUN	0	0	0	0	0
24/01/2023	2023	1	3	MAR	0	0	0	0	0
25/01/2023	2023	1	4	MIE	0	0	0	0	0
26/01/2023	2023	1	5	JUE	0	0	0	0	0
27/01/2023	2023	1	6	VIE	0.5	0.25	0	0	0.75
28/01/2023	2023	1	7	SAB	0.5	0	0	0	0.5
29/01/2023	2023	1	1	DOM	0.5	0	0	0	0.5
30/01/2023	2023	1	2	LUN	0	0	0	0	0
31/01/2023	2023	1	3	MAR	0	0	0	0	0
01/02/2023	2023	2	4	MIE	0	0	0	0	0
02/02/2023	2023	2	5	JUE	0	0	0	0	0
03/02/2023	2023	2	6	VIE	0.5	0	1.25	0	1.75
04/02/2023	2023	2	7	SAB	0.5	0	1.25	0	1.75
05/02/2023	2023	2	1	DOM	0.5	0	1.25	0	1.75
06/02/2023	2023	2	2	LUN	0	0	1.25	0	1.25
07/02/2023	2023	2	3	MAR	0	0	0	0	0
08/02/2023	2023	2	4	MIE	0	0	0	0	0
09/02/2023	2023	2	5	JUE	0	0	0	0	0
10/02/2023	2023	2	6	VIE	0.5	0	0	0	0.5
11/02/2023	2023	2	7	SAB	0.5	0	0	0	0.5
12/02/2023	2023	2	1	DOM	0.5	0	0	0	0.5
13/02/2023	2023	2	2	LUN	0	0	0	0	0
14/02/2023	2023	2	3	MAR	0	0	0	0	0
15/02/2023	2023	2	4	MIE	0	0	0	0	0
16/02/2023	2023	2	5	JUE	0	0	0	0	0
17/02/2023	2023	2	6	VIE	0.5	0	0	0	0.5
18/02/2023	2023	2	7	SAB	0.5	0	0	0	0.5
19/02/2023	2023	2	1	DOM	0.5	0	0	0	0.5
20/02/2023	2023	2	2	LUN	0	0	0	0	0
21/02/2023	2023	2	3	MAR	0	0	0	0	0
22/02/2023	2023	2	4	MIE	0	0	0	0	0
23/02/2023	2023	2	5	JUE	0	0	0	0	0
24/02/2023	2023	2	6	VIE	0.5	0.25	0	0	0.75
25/02/2023	2023	2	7	SAB	0.5	0	0	0	0.5
26/02/2023	2023	2	1	DOM	0.5	0	0	0	0.5
27/02/2023	2023	2	2	LUN	0	0	0	0	0
28/02/2023	2023	2	3	MAR	0	0	0	0	0
01/03/2023	2023	3	4	MIE	0	0	0	0	0
02/03/2023	2023	3	5	JUE	0	0	0	0	0
03/03/2023	2023	3	6	VIE	0.5	0	0	0	0.5
04/03/2023	2023	3	7	SAB	0.5	0	0	0	0.5
05/03/2023	2023	3	1	DOM	0.5	0	0	0	0.5
06/03/2023	2023	3	2	LUN	0	0	0	0	0
07/03/2023	2023	3	3	MAR	0	0	0	0	0
08/03/2023	2023	3	4	MIE	0	0	0	0	0
09/03/2023	2023	3	5	JUE	0	0	0	0	0
10/03/2023	2023	3	6	VIE	0.5	0	0	0	0.5
11/03/2023	2023	3	7	SAB	0.5	0	0	0	0.5
12/03/2023	2023	3	1	DOM	0.5	0	0	0	0.5
13/03/2023	2023	3	2	LUN	0	0	0	0	0
14/03/2023	2023	3	3	MAR	0	0	0	0	0
15/03/2023	2023	3	4	MIE	0	0	0	0	0
16/03/2023	2023	3	5	JUE	0	0	0	0	0
17/03/2023	2023	3	6	VIE	0.5	0	1.25	0	1.75
18/03/2023	2023	3	7	SAB	0.5	0	1.25	0	1.75
19/03/2023	2023	3	1	DOM	0.5	0	1.25	0	1.75
20/03/2023	2023	3	2	LUN	0	0	1.25	0	1.25
21/03/2023	2023	3	3	MAR	0	0	0	0	0
22/03/2023	2023	3	4	MIE	0	0	0	0	0
23/03/2023	2023	3	5	JUE	0	0	0	0	0
24/03/2023	2023	3	6	VIE	0.5	0	0	0	0.5
25/03/2023	2023	3	7	SAB	0.5	0	0	0	0.5
26/03/2023	2023	3	1	DOM	0.5	0	0	0	0.5
27/03/2023	2023	3	2	LUN	0	0	0	0	0
28/03/2023	2023	3	3	MAR	0	0	0	0	0
29/03/2023	2023	3	4	MIE	0	0	0	0	0
30/03/2023	2023	3	5	JUE	0	0	0	0	0
31/03/2023	2023	3	6	VIE	0.5	0.25	0	1	1.75
01/04/2023	2023	4	7	SAB	0.5	0	0	1	1.5
02/04/2023	2023	4	1	DOM	0.5	0	0	1	1.5
03/04/2023	2023	4	2	LUN	0	0	0	1	1
04/04/2023	2023	4	3	MAR	0	0	0	1	1
05/04/2023	2023	4	4	MIE	0	0	0	1	1
06/04/2023	2023	4	5	JUE	0	0	0	1	1
07/04/2023	2023	4	6	VIE	0.5	0	0	1	1.5
08/04/2023	2023	4	7	SAB	0.5	0	0	1	1.5
09/04/2023	2023	4	1	DOM	0.5	0	0	1	1.5
10/04/2023	2023	4	2	LUN	0	0	0	1	1
11/04/2023	2023	4	3	MAR	0	0	0	1	1
12/04/2023	2023	4	4	MIE	0	0	0	1	1
13/04/2023	2023	4	5	JUE	0	0	0	1	1
14/04/2023	2023	4	6	VIE	0.5	0	0	1	1.5
15/04/2023	2023	4	7	SAB	0.5	0	0	1	1.5
16/04/2023	2023	4	1	DOM	0.5	0	0	1	1.5
17/04/2023	2023	4	2	LUN	0	0	0	0	0
18/04/2023	2023	4	3	MAR	0	0	0	0	0
19/04/2023	2023	4	4	MIE	0	0	0	0	0
20/04/2023	2023	4	5	JUE	0	0	0	0	0
21/04/2023	2023	4	6	VIE	0.5	0	0	0	0.5
22/04/2023	2023	4	7	SAB	0.5	0	0	0	0.5
23/04/2023	2023	4	1	DOM	0.5	0	0	0	0.5
24/04/2023	2023	4	2	LUN	0	0	0	0	0
25/04/2023	2023	4	3	MAR	0	0	0	0	0
26/04/2023	2023	4	4	MIE	0	0	0	0	0
27/04/2023	2023	4	5	JUE	0	0	0	0	0
28/04/2023	2023	4	6	VIE	0.5	0.25	1.25	0	2
29/04/2023	2023	4	7	SAB	0.5	0	1.25	0	1.75
30/04/2023	2023	4	1	DOM	0.5	0	1.25	0	1.75
01/05/2023	2023	5	2	LUN	0	0	1.25	0	1.25
02/05/2023	2023	5	3	MAR	0	0	0	0	0
03/05/2023	2023	5	4	MIE	0	0	0	0	0
04/05/2023	2023	5	5	JUE	0	0	0	0	0
05/05/2023	2023	5	6	VIE	0.5	0	1.25	0	1.75
06/05/2023	2023	5	7	SAB	0.5	0	0	0	0.5
07/05/2023	2023	5	1	DOM	0.5	0	0	0	0.5
08/05/2023	2023	5	2	LUN	0	0	0	0	0
09/05/2023	2023	5	3	MAR	0	0	0	0	0
10/05/2023	2023	5	4	MIE	0	0	0	0	0
11/05/2023	2023	5	5	JUE	0	0	0	0	0
12/05/2023	2023	5	6	VIE	0.5	0	1.25	0	1.75
13/05/2023	2023	5	7	SAB	0.5	0	1.25	0	1.75
14/05/2023	2023	5	1	DOM	0.5	0	1.25	0	1.75
15/05/2023	2023	5	2	LUN	0	0	1.25	0	1.25
16/05/2023	2023	5	3	MAR	0	0	0	0	0
17/05/2023	2023	5	4	MIE	0	0	0	0	0
18/05/2023	2023	5	5	JUE	0	0	0	0	0
19/05/2023	2023	5	6	VIE	0.5	0	0	0	0.5
20/05/2023	2023	5	7	SAB	0.5	0	0	0	0.5
21/05/2023	2023	5	1	DOM	0.5	0	0	0	0.5
22/05/2023	2023	5	2	LUN	0	0	0	0	0
23/05/2023	2023	5	3	MAR	0	0	0	0	0
24/05/2023	2023	5	4	MIE	0	0	0	0	0
25/05/2023	2023	5	5	JUE	0	0	0	0	0
26/05/2023	2023	5	6	VIE	0.5	0.25	0	0	0.75
27/05/2023	2023	5	7	SAB	0.5	0	0	0	0.5
28/05/2023	2023	5	1	DOM	0.5	0	0	0	0.5
29/05/2023	2023	5	2	LUN	0	0	0	0	0
30/05/2023	2023	5	3	MAR	0	0	0	0	0
31/05/2023	2023	5	4	MIE	0	0	0	0	0
01/06/2023	2023	6	5	JUE	0	0	0	0	0
02/06/2023	2023	6	6	VIE	0.5	0	0	0	0.5
03/06/2023	2023	6	7	SAB	0.5	0	0	0	0.5
04/06/2023	2023	6	1	DOM	0.5	0	0	0	0.5
05/06/2023	2023	6	2	LUN	0	0	0	0	0
06/06/2023	2023	6	3	MAR	0	0	0	0	0
07/06/2023	2023	6	4	MIE	0	0	0	0	0
08/06/2023	2023	6	5	JUE	0	0	0	0	0
09/06/2023	2023	6	6	VIE	0.5	0	0	0	0.5
10/06/2023	2023	6	7	SAB	0.5	0	0	0	0.5
11/06/2023	2023	6	1	DOM	0.5	0	0	0	0.5
12/06/2023	2023	6	2	LUN	0	0	0	0	0
13/06/2023	2023	6	3	MAR	0	0	0	0	0
14/06/2023	2023	6	4	MIE	0	0	0	0	0
15/06/2023	2023	6	5	JUE	0	0	0	0	0
16/06/2023	2023	6	6	VIE	0.5	0	0	0	0.5
17/06/2023	2023	6	7	SAB	0.5	0	0	0	0.5
18/06/2023	2023	6	1	DOM	0.5	0	0	0	0.5
19/06/2023	2023	6	2	LUN	0	0	0	0	0
20/06/2023	2023	6	3	MAR	0	0	0	0	0
21/06/2023	2023	6	4	MIE	0	0	0	0	0
22/06/2023	2023	6	5	JUE	0	0	0	0	0
23/06/2023	2023	6	6	VIE	0.5	0	0	0	0.5
24/06/2023	2023	6	7	SAB	0.5	0	0	0	0.5
25/06/2023	2023	6	1	DOM	0.5	0	0	0	0.5
26/06/2023	2023	6	2	LUN	0	0	0	0	0
27/06/2023	2023	6	3	MAR	0	0	0	0	0
28/06/2023	2023	6	4	MIE	0	0	0	0	0
29/06/2023	2023	6	5	JUE	0	0	0	0	0
30/06/2023	2023	6	6	VIE	0.5	0.25	0	0	0.75
01/07/2023	2023	7	7	SAB	0.5	0	0	0	0.5
02/07/2023	2023	7	1	DOM	0.5	0	0	0	0.5
03/07/2023	2023	7	2	LUN	0	0	0	0	0
04/07/2023	2023	7	3	MAR	0	0	0	0	0
05/07/2023	2023	7	4	MIE	0	0	0	0	0
06/07/2023	2023	7	5	JUE	0	0	0	0	0
07/07/2023	2023	7	6	VIE	0.5	0	0	0	0.5
08/07/2023	2023	7	7	SAB	0.5	0	0	0	0.5
09/07/2023	2023	7	1	DOM	0.5	0	0	0	0.5
10/07/2023	2023	7	2	LUN	0	0	0	0	0
11/07/2023	2023	7	3	MAR	0	0	0	0	0
12/07/2023	2023	7	4	MIE	0	0	0	0	0
13/07/2023	2023	7	5	JUE	0	0	0	0	0
14/07/2023	2023	7	6	VIE	0.5	0	0	0	0.5
15/07/2023	2023	7	7	SAB	0.5	0	0	0	0.5
16/07/2023	2023	7	1	DOM	0.5	0	0	0	0.5
17/07/2023	2023	7	2	LUN	0	0	0	0	0
18/07/2023	2023	7	3	MAR	0	0	0	0	0
19/07/2023	2023	7	4	MIE	0	0	0	0	0
20/07/2023	2023	7	5	JUE	0	0	0	0	0
21/07/2023	2023	7	6	VIE	0.5	0	0	1	1.5
22/07/2023	2023	7	7	SAB	0.5	0	0	1	1.5
23/07/2023	2023	7	1	DOM	0.5	0	0	1	1.5
24/07/2023	2023	7	2	LUN	0	0	0	1	1
25/07/2023	2023	7	3	MAR	0	0	0	1	1
26/07/2023	2023	7	4	MIE	0	0	0	1	1
27/07/2023	2023	7	5	JUE	0	0	0	1	1
28/07/2023	2023	7	6	VIE	0.5	0.25	0	1	1.75
29/07/2023	2023	7	7	SAB	0.5	0	0	1	1.5
30/07/2023	2023	7	1	DOM	0.5	0	0	1	1.5
31/07/2023	2023	7	2	LUN	0	0	0	1	1
01/08/2023	2023	8	3	MAR	0	0	0	1	1
02/08/2023	2023	8	4	MIE	0	0	0	1	1
03/08/2023	2023	8	5	JUE	0	0	0	1	1
04/08/2023	2023	8	6	VIE	0.5	0	0	1	1.5
05/08/2023	2023	8	7	SAB	0.5	0	0	1	1.5
06/08/2023	2023	8	1	DOM	0.5	0	0	1	1.5
07/08/2023	2023	8	2	LUN	0	0	0	1	1
08/08/2023	2023	8	3	MAR	0	0	0	1	1
09/08/2023	2023	8	4	MIE	0	0	0	1	1
10/08/2023	2023	8	5	JUE	0	0	0	1	1
11/08/2023	2023	8	6	VIE	0.5	0	0	1	1.5
12/08/2023	2023	8	7	SAB	0.5	0	0	1	1.5
13/08/2023	2023	8	1	DOM	0.5	0	0	1	1.5
14/08/2023	2023	8	2	LUN	0	0	0	1	1
15/08/2023	2023	8	3	MAR	0	0	0	1	1
16/08/2023	2023	8	4	MIE	0	0	0	1	1
17/08/2023	2023	8	5	JUE	0	0	0	1	1
18/08/2023	2023	8	6	VIE	0.5	0	0	1	1.5
19/08/2023	2023	8	7	SAB	0.5	0	0	1	1.5
20/08/2023	2023	8	1	DOM	0.5	0	0	1	1.5
21/08/2023	2023	8	2	LUN	0	0	0	1	1
22/08/2023	2023	8	3	MAR	0	0	0	1	1
23/08/2023	2023	8	4	MIE	0	0	0	1	1
24/08/2023	2023	8	5	JUE	0	0	0	1	1
25/08/2023	2023	8	6	VIE	0.5	0.25	0	1	1.75
26/08/2023	2023	8	7	SAB	0.5	0	0	1	1.5
27/08/2023	2023	8	1	DOM	0.5	0	0	1	1.5
28/08/2023	2023	8	2	LUN	0	0	0	0	0
29/08/2023	2023	8	3	MAR	0	0	0	0	0
30/08/2023	2023	8	4	MIE	0	0	0	0	0
31/08/2023	2023	8	5	JUE	0	0	0	0	0
01/09/2023	2023	9	6	VIE	0.5	0	0	0	0.5
02/09/2023	2023	9	7	SAB	0.5	0	0	0	0.5
03/09/2023	2023	9	1	DOM	0.5	0	0	0	0.5
04/09/2023	2023	9	2	LUN	0	0	0	0	0
05/09/2023	2023	9	3	MAR	0	0	0	0	0
06/09/2023	2023	9	4	MIE	0	0	0	0	0
07/09/2023	2023	9	5	JUE	0	0	0	0	0
08/09/2023	2023	9	6	VIE	0.5	0	0	0	0.5
09/09/2023	2023	9	7	SAB	0.5	0	0	0	0.5
10/09/2023	2023	9	1	DOM	0.5	0	0	0	0.5
11/09/2023	2023	9	2	LUN	0	0	0	0	0
12/09/2023	2023	9	3	MAR	0	0	0	0	0
13/09/2023	2023	9	4	MIE	0	0	0	0	0
14/09/2023	2023	9	5	JUE	0	0	0	0	0
15/09/2023	2023	9	6	VIE	0.5	0	1.25	0	1.75
16/09/2023	2023	9	7	SAB	0.5	0	1.25	0	1.75
17/09/2023	2023	9	1	DOM	0.5	0	1.25	0	1.75
18/09/2023	2023	9	2	LUN	0	0	0	0	0
19/09/2023	2023	9	3	MAR	0	0	0	0	0
20/09/2023	2023	9	4	MIE	0	0	0	0	0
21/09/2023	2023	9	5	JUE	0	0	0	0	0
22/09/2023	2023	9	6	VIE	0.5	0	0	0	0.5
23/09/2023	2023	9	7	SAB	0.5	0	0	0	0.5
24/09/2023	2023	9	1	DOM	0.5	0	0	0	0.5
25/09/2023	2023	9	2	LUN	0	0	0	0	0
26/09/2023	2023	9	3	MAR	0	0	0	0	0
27/09/2023	2023	9	4	MIE	0	0	0	0	0
28/09/2023	2023	9	5	JUE	0	0	0	0	0
29/09/2023	2023	9	6	VIE	0.5	0.25	0	0	0.75
30/09/2023	2023	9	7	SAB	0.5	0	0	0	0.5
01/10/2023	2023	10	1	DOM	0.5	0	0	0	0.5
02/10/2023	2023	10	2	LUN	0	0	0	0	0
03/10/2023	2023	10	3	MAR	0	0	0	0	0
04/10/2023	2023	10	4	MIE	0	0	0	0	0
05/10/2023	2023	10	5	JUE	0	0	0	0	0
06/10/2023	2023	10	6	VIE	0.5	0	0	0	0.5
07/10/2023	2023	10	7	SAB	0.5	0	0	0	0.5
08/10/2023	2023	10	1	DOM	0.5	0	0	0	0.5
09/10/2023	2023	10	2	LUN	0	0	0	0	0
10/10/2023	2023	10	3	MAR	0	0	0	0	0
11/10/2023	2023	10	4	MIE	0	0	0	0	0
12/10/2023	2023	10	5	JUE	0	0	0	0	0
13/10/2023	2023	10	6	VIE	0.5	0	0	0	0.5
14/10/2023	2023	10	7	SAB	0.5	0	0	0	0.5
15/10/2023	2023	10	1	DOM	0.5	0	0	0	0.5
16/10/2023	2023	10	2	LUN	0	0	0	0	0
17/10/2023	2023	10	3	MAR	0	0	0	0	0
18/10/2023	2023	10	4	MIE	0	0	0	0	0
19/10/2023	2023	10	5	JUE	0	0	0	0	0
20/10/2023	2023	10	6	VIE	0.5	0	0	0	0.5
21/10/2023	2023	10	7	SAB	0.5	0	0	0	0.5
22/10/2023	2023	10	1	DOM	0.5	0	0	0	0.5
23/10/2023	2023	10	2	LUN	0	0	0	0	0
24/10/2023	2023	10	3	MAR	0	0	0	0	0
25/10/2023	2023	10	4	MIE	0	0	0	0	0
26/10/2023	2023	10	5	JUE	0	0	0	0	0
27/10/2023	2023	10	6	VIE	0.5	0.25	0	0	0.75
28/10/2023	2023	10	7	SAB	0.5	0	0	0	0.5
29/10/2023	2023	10	1	DOM	0.5	0	0	0	0.5
30/10/2023	2023	10	2	LUN	0	0	0	0	0
31/10/2023	2023	10	3	MAR	0	0	0	0	0
01/11/2023	2023	11	4	MIE	0	0	0	0	0
02/11/2023	2023	11	5	JUE	0	0	1.25	0	1.25
03/11/2023	2023	11	6	VIE	0.5	0	1.25	0	1.75
04/11/2023	2023	11	7	SAB	0.5	0	1.25	0	1.75
05/11/2023	2023	11	1	DOM	0.5	0	1.25	0	1.75
06/11/2023	2023	11	2	LUN	0	0	0	0	0
07/11/2023	2023	11	3	MAR	0	0	0	0	0
08/11/2023	2023	11	4	MIE	0	0	0	0	0
09/11/2023	2023	11	5	JUE	0	0	0	0	0
10/11/2023	2023	11	6	VIE	0.5	0	0	0	0.5
11/11/2023	2023	11	7	SAB	0.5	0	0	0	0.5
12/11/2023	2023	11	1	DOM	0.5	0	0	0	0.5
13/11/2023	2023	11	2	LUN	0	0	0	0	0
14/11/2023	2023	11	3	MAR	0	0	0	0	0
15/11/2023	2023	11	4	MIE	0	0	0	0	0
16/11/2023	2023	11	5	JUE	0	0	0	0	0
17/11/2023	2023	11	6	VIE	0.5	0	1.25	0	1.75
18/11/2023	2023	11	7	SAB	0.5	0	1.25	0	1.75
19/11/2023	2023	11	1	DOM	0.5	0	1.25	0	1.75
20/11/2023	2023	11	2	LUN	0	0	1.25	0	1.25
21/11/2023	2023	11	3	MAR	0	0	0	0	0
22/11/2023	2023	11	4	MIE	0	0	0	0	0
23/11/2023	2023	11	5	JUE	0	0	0	0	0
24/11/2023	2023	11	6	VIE	0.5	0.25	0	0	0.75
25/11/2023	2023	11	7	SAB	0.5	0	0	0	0.5
26/11/2023	2023	11	1	DOM	0.5	0	0	0	0.5
27/11/2023	2023	11	2	LUN	0	0	0	0	0
28/11/2023	2023	11	3	MAR	0	0	0	0	0
29/11/2023	2023	11	4	MIE	0	0	0	0	0
30/11/2023	2023	11	5	JUE	0	0	0	0	0
01/12/2023	2023	12	6	VIE	0.5	0	0	0	0.5
02/12/2023	2023	12	7	SAB	0.5	0	0	0	0.5
03/12/2023	2023	12	1	DOM	0.5	0	0	0	0.5
04/12/2023	2023	12	2	LUN	0	0	0	0	0
05/12/2023	2023	12	3	MAR	0	0	0	0	0
06/12/2023	2023	12	4	MIE	0	0	0	0	0
07/12/2023	2023	12	5	JUE	0	0	0	0	0
08/12/2023	2023	12	6	VIE	0.5	0	0	0	0.5
09/12/2023	2023	12	7	SAB	0.5	0	0	0	0.5
10/12/2023	2023	12	1	DOM	0.5	0	0	0	0.5
11/12/2023	2023	12	2	LUN	0	0	0	0	0
12/12/2023	2023	12	3	MAR	0	0	0	0	0
13/12/2023	2023	12	4	MIE	0	0	0	0	0
14/12/2023	2023	12	5	JUE	0	0	0	0	0
15/12/2023	2023	12	6	VIE	0.5	0	0	1	1.5
16/12/2023	2023	12	7	SAB	0.5	0	0	1	1.5
17/12/2023	2023	12	1	DOM	0.5	0	0	1	1.5
18/12/2023	2023	12	2	LUN	0	0	0	1	1
19/12/2023	2023	12	3	MAR	0	0	0	1	1
20/12/2023	2023	12	4	MIE	0	0	0	1	1
21/12/2023	2023	12	5	JUE	0	0	0	1	1
22/12/2023	2023	12	6	VIE	0.5	0	1.25	1	2.75
23/12/2023	2023	12	7	SAB	0.5	0	1.25	1	2.75
24/12/2023	2023	12	1	DOM	0.5	0	1.25	1	2.75
25/12/2023	2023	12	2	LUN	0	0	0	1	1
26/12/2023	2023	12	3	MAR	0	0	0	1	1
27/12/2023	2023	12	4	MIE	0	0	0	1	1
28/12/2023	2023	12	5	JUE	0	0	0	1	1
29/12/2023	2023	12	6	VIE	0.5	0	0	1	1.5
30/12/2023	2023	12	7	SAB	0.5	0	0	1	1.5
31/12/2023	2023	12	1	DOM	0.5	0	1.25	1	2.75
01/01/2024	2024	1	2	LUN	0	0	0	1	1
02/01/2024	2024	1	3	MAR	0	0	0	1	1
03/01/2024	2024	1	4	MIE	0	0	0	1	1
04/01/2024	2024	1	5	JUE	0	0	0	1	1
05/01/2024	2024	1	6	VIE	0.5	0	0	1	1.5
06/01/2024	2024	1	7	SAB	0.5	0	0	1	1.5
07/01/2024	2024	1	1	DOM	0.5	0	0	1	1.5
08/01/2024	2024	1	2	LUN	0	0	0	1	1
09/01/2024	2024	1	3	MAR	0	0	0	0	0
10/01/2024	2024	1	4	MIE	0	0	0	0	0
11/01/2024	2024	1	5	JUE	0	0	0	0	0
12/01/2024	2024	1	6	VIE	0.5	0	0	0	0.5
13/01/2024	2024	1	7	SAB	0.5	0	0	0	0.5
14/01/2024	2024	1	1	DOM	0.5	0	0	0	0.5
15/01/2024	2024	1	2	LUN	0	0	0	0	0
16/01/2024	2024	1	3	MAR	0	0	0	0	0
17/01/2024	2024	1	4	MIE	0	0	0	0	0
18/01/2024	2024	1	5	JUE	0	0	0	0	0
19/01/2024	2024	1	6	VIE	0.5	0	0	0	0.5
20/01/2024	2024	1	7	SAB	0.5	0	0	0	0.5
21/01/2024	2024	1	1	DOM	0.5	0	0	0	0.5
22/01/2024	2024	1	2	LUN	0	0	0	0	0
23/01/2024	2024	1	3	MAR	0	0	0	0	0
24/01/2024	2024	1	4	MIE	0	0	0	0	0
25/01/2024	2024	1	5	JUE	0	0	0	0	0
26/01/2024	2024	1	6	VIE	0.5	0.25	0	0	0.75
27/01/2024	2024	1	7	SAB	0.5	0	0	0	0.5
28/01/2024	2024	1	1	DOM	0.5	0	0	0	0.5
29/01/2024	2024	1	2	LUN	0	0	0	0	0
30/01/2024	2024	1	3	MAR	0	0	0	0	0
31/01/2024	2024	1	4	MIE	0	0	0	0	0
01/02/2024	2024	2	5	JUE	0	0	0	0	0
02/02/2024	2024	2	6	VIE	0.5	0	1.25	0	1.75
03/02/2024	2024	2	7	SAB	0.5	0	1.25	0	1.75
04/02/2024	2024	2	1	DOM	0.5	0	1.25	0	1.75
05/02/2024	2024	2	2	LUN	0	0	1.25	0	1.25
06/02/2024	2024	2	3	MAR	0	0	0	0	0
07/02/2024	2024	2	4	MIE	0	0	0	0	0
08/02/2024	2024	2	5	JUE	0	0	0	0	0
09/02/2024	2024	2	6	VIE	0.5	0	0	0	0.5
10/02/2024	2024	2	7	SAB	0.5	0	0	0	0.5
11/02/2024	2024	2	1	DOM	0.5	0	0	0	0.5
12/02/2024	2024	2	2	LUN	0	0	0	0	0
13/02/2024	2024	2	3	MAR	0	0	0	0	0
14/02/2024	2024	2	4	MIE	0	0	0	0	0
15/02/2024	2024	2	5	JUE	0	0	0	0	0
16/02/2024	2024	2	6	VIE	0.5	0	0	0	0.5
17/02/2024	2024	2	7	SAB	0.5	0	0	0	0.5
18/02/2024	2024	2	1	DOM	0.5	0	0	0	0.5
19/02/2024	2024	2	2	LUN	0	0	0	0	0
20/02/2024	2024	2	3	MAR	0	0	0	0	0
21/02/2024	2024	2	4	MIE	0	0	0	0	0
22/02/2024	2024	2	5	JUE	0	0	0	0	0
23/02/2024	2024	2	6	VIE	0.5	0.25	0	0	0.75
24/02/2024	2024	2	7	SAB	0.5	0	0	0	0.5
25/02/2024	2024	2	1	DOM	0.5	0	0	0	0.5
26/02/2024	2024	2	2	LUN	0	0	0	0	0
27/02/2024	2024	2	3	MAR	0	0	0	0	0
28/02/2024	2024	2	4	MIE	0	0	0	0	0
29/02/2024	2024	2	5	JUE	0	0	0	0	0
01/03/2024	2024	3	6	VIE	0.5	0	0	0	0.5
02/03/2024	2024	3	7	SAB	0.5	0	0	0	0.5
03/03/2024	2024	3	1	DOM	0.5	0	0	0	0.5
04/03/2024	2024	3	2	LUN	0	0	0	0	0
05/03/2024	2024	3	3	MAR	0	0	0	0	0
06/03/2024	2024	3	4	MIE	0	0	0	0	0
07/03/2024	2024	3	5	JUE	0	0	0	0	0
08/03/2024	2024	3	6	VIE	0.5	0	0	0	0.5
09/03/2024	2024	3	7	SAB	0.5	0	0	0	0.5
10/03/2024	2024	3	1	DOM	0.5	0	0	0	0.5
11/03/2024	2024	3	2	LUN	0	0	0	0	0
12/03/2024	2024	3	3	MAR	0	0	0	0	0
13/03/2024	2024	3	4	MIE	0	0	0	0	0
14/03/2024	2024	3	5	JUE	0	0	0	0	0
15/03/2024	2024	3	6	VIE	0.5	0	1.25	0	1.75
16/03/2024	2024	3	7	SAB	0.5	0	1.25	0	1.75
17/03/2024	2024	3	1	DOM	0.5	0	1.25	0	1.75
18/03/2024	2024	3	2	LUN	0	0	1.25	0	1.25
19/03/2024	2024	3	3	MAR	0	0	0	0	0
20/03/2024	2024	3	4	MIE	0	0	0	0	0
21/03/2024	2024	3	5	JUE	0	0	0	0	0
22/03/2024	2024	3	6	VIE	0.5	0	0	1	1.5
23/03/2024	2024	3	7	SAB	0.5	0	0	1	1.5
24/03/2024	2024	3	1	DOM	0.5	0	0	1	1.5
25/03/2024	2024	3	2	LUN	0	0	0	1	1
26/03/2024	2024	3	3	MAR	0	0	0	1	1
27/03/2024	2024	3	4	MIE	0	0	0	1	1
28/03/2024	2024	3	5	JUE	0	0	0	1	1
29/03/2024	2024	3	6	VIE	0.5	0.25	0	1	1.75
30/03/2024	2024	3	7	SAB	0.5	0	0	1	1.5
31/03/2024	2024	3	1	DOM	0.5	0	0	1	1.5
01/04/2024	2024	4	2	LUN	0	0	0	1	1
02/04/2024	2024	4	3	MAR	0	0	0	1	1
03/04/2024	2024	4	4	MIE	0	0	0	1	1
04/04/2024	2024	4	5	JUE	0	0	0	1	1
05/04/2024	2024	4	6	VIE	0.5	0	0	1	1.5
06/04/2024	2024	4	7	SAB	0.5	0	0	1	1.5
07/04/2024	2024	4	1	DOM	0.5	0	0	1	1.5
08/04/2024	2024	4	2	LUN	0	0	0	0	0
09/04/2024	2024	4	3	MAR	0	0	0	0	0
10/04/2024	2024	4	4	MIE	0	0	0	0	0
11/04/2024	2024	4	5	JUE	0	0	0	0	0
12/04/2024	2024	4	6	VIE	0.5	0	0	0	0.5
13/04/2024	2024	4	7	SAB	0.5	0	0	0	0.5
14/04/2024	2024	4	1	DOM	0.5	0	0	0	0.5
15/04/2024	2024	4	2	LUN	0	0	0	0	0
16/04/2024	2024	4	3	MAR	0	0	0	0	0
17/04/2024	2024	4	4	MIE	0	0	0	0	0
18/04/2024	2024	4	5	JUE	0	0	0	0	0
19/04/2024	2024	4	6	VIE	0.5	0	0	0	0.5
20/04/2024	2024	4	7	SAB	0.5	0	0	0	0.5
21/04/2024	2024	4	1	DOM	0.5	0	0	0	0.5
22/04/2024	2024	4	2	LUN	0	0	0	0	0
23/04/2024	2024	4	3	MAR	0	0	0	0	0
24/04/2024	2024	4	4	MIE	0	0	0	0	0
25/04/2024	2024	4	5	JUE	0	0	0	0	0
26/04/2024	2024	4	6	VIE	0.5	0.25	0	0	0.75
27/04/2024	2024	4	7	SAB	0.5	0	0	0	0.5
28/04/2024	2024	4	1	DOM	0.5	0	0	0	0.5
29/04/2024	2024	4	2	LUN	0	0	0	0	0
30/04/2024	2024	4	3	MAR	0	0	1.25	0	1.25
01/05/2024	2024	5	4	MIE	0	0	1.25	0	1.25
02/05/2024	2024	5	5	JUE	0	0	1.25	0	1.25
03/05/2024	2024	5	6	VIE	0.5	0	1.25	0	1.75
04/05/2024	2024	5	7	SAB	0.5	0	1.25	0	1.75
05/05/2024	2024	5	1	DOM	0.5	0	1.25	0	1.75
06/05/2024	2024	5	2	LUN	0	0	0	0	0
07/05/2024	2024	5	3	MAR	0	0	0	0	0
08/05/2024	2024	5	4	MIE	0	0	0	0	0
09/05/2024	2024	5	5	JUE	0	0	0	0	0
10/05/2024	2024	5	6	VIE	0.5	0	0	0	0.5
11/05/2024	2024	5	7	SAB	0.5	0	0	0	0.5
12/05/2024	2024	5	1	DOM	0.5	0	0	0	0.5
13/05/2024	2024	5	2	LUN	0	0	0	0	0
14/05/2024	2024	5	3	MAR	0	0	0	0	0
15/05/2024	2024	5	4	MIE	0	0	1.25	0	1.25
16/05/2024	2024	5	5	JUE	0	0	0	0	0
17/05/2024	2024	5	6	VIE	0.5	0	0	0	0.5
18/05/2024	2024	5	7	SAB	0.5	0	0	0	0.5
19/05/2024	2024	5	1	DOM	0.5	0	0	0	0.5
20/05/2024	2024	5	2	LUN	0	0	0	0	0
21/05/2024	2024	5	3	MAR	0	0	0	0	0
22/05/2024	2024	5	4	MIE	0	0	0	0	0
23/05/2024	2024	5	5	JUE	0	0	0	0	0
24/05/2024	2024	5	6	VIE	0.5	0	0	0	0.5
25/05/2024	2024	5	7	SAB	0.5	0	0	0	0.5
26/05/2024	2024	5	1	DOM	0.5	0	0	0	0.5
27/05/2024	2024	5	2	LUN	0	0	0	0	0
28/05/2024	2024	5	3	MAR	0	0	0	0	0
29/05/2024	2024	5	4	MIE	0	0	0	0	0
30/05/2024	2024	5	5	JUE	0	0	0	0	0
31/05/2024	2024	5	6	VIE	0.5	0.25	0	0	0.75
01/06/2024	2024	6	7	SAB	0.5	0	0	0	0.5
02/06/2024	2024	6	1	DOM	0.5	0	0	0	0.5
03/06/2024	2024	6	2	LUN	0	0	0	0	0
04/06/2024	2024	6	3	MAR	0	0	0	0	0
05/06/2024	2024	6	4	MIE	0	0	0	0	0
06/06/2024	2024	6	5	JUE	0	0	0	0	0
07/06/2024	2024	6	6	VIE	0.5	0	0	0	0.5
08/06/2024	2024	6	7	SAB	0.5	0	0	0	0.5
09/06/2024	2024	6	1	DOM	0.5	0	0	0	0.5
10/06/2024	2024	6	2	LUN	0	0	0	0	0
11/06/2024	2024	6	3	MAR	0	0	0	0	0
12/06/2024	2024	6	4	MIE	0	0	0	0	0
13/06/2024	2024	6	5	JUE	0	0	0	0	0
14/06/2024	2024	6	6	VIE	0.5	0	0	0	0.5
15/06/2024	2024	6	7	SAB	0.5	0	0	0	0.5
16/06/2024	2024	6	1	DOM	0.5	0	0	0	0.5
17/06/2024	2024	6	2	LUN	0	0	0	0	0
18/06/2024	2024	6	3	MAR	0	0	0	0	0
19/06/2024	2024	6	4	MIE	0	0	0	0	0
20/06/2024	2024	6	5	JUE	0	0	0	0	0
21/06/2024	2024	6	6	VIE	0.5	0	0	0	0.5
22/06/2024	2024	6	7	SAB	0.5	0	0	0	0.5
23/06/2024	2024	6	1	DOM	0.5	0	0	0	0.5
24/06/2024	2024	6	2	LUN	0	0	0	0	0
25/06/2024	2024	6	3	MAR	0	0	0	0	0
26/06/2024	2024	6	4	MIE	0	0	0	0	0
27/06/2024	2024	6	5	JUE	0	0	0	0	0
28/06/2024	2024	6	6	VIE	0.5	0.25	0	0	0.75
29/06/2024	2024	6	7	SAB	0.5	0	0	0	0.5
30/06/2024	2024	6	1	DOM	0.5	0	0	0	0.5
01/07/2024	2024	7	2	LUN	0	0	0	0	0
02/07/2024	2024	7	3	MAR	0	0	0	0	0
03/07/2024	2024	7	4	MIE	0	0	0	0	0
04/07/2024	2024	7	5	JUE	0	0	0	0	0
05/07/2024	2024	7	6	VIE	0.5	0	0	0	0.5
06/07/2024	2024	7	7	SAB	0.5	0	0	0	0.5
07/07/2024	2024	7	1	DOM	0.5	0	0	0	0.5
08/07/2024	2024	7	2	LUN	0	0	0	0	0
09/07/2024	2024	7	3	MAR	0	0	0	0	0
10/07/2024	2024	7	4	MIE	0	0	0	0	0
11/07/2024	2024	7	5	JUE	0	0	0	0	0
12/07/2024	2024	7	6	VIE	0.5	0	0	0	0.5
13/07/2024	2024	7	7	SAB	0.5	0	0	0	0.5
14/07/2024	2024	7	1	DOM	0.5	0	0	0	0.5
15/07/2024	2024	7	2	LUN	0	0	0	0	0
16/07/2024	2024	7	3	MAR	0	0	0	0	0
17/07/2024	2024	7	4	MIE	0	0	0	0	0
18/07/2024	2024	7	5	JUE	0	0	0	0	0
19/07/2024	2024	7	6	VIE	0.5	0	0	1	1.5
20/07/2024	2024	7	7	SAB	0.5	0	0	1	1.5
21/07/2024	2024	7	1	DOM	0.5	0	0	1	1.5
22/07/2024	2024	7	2	LUN	0	0	0	1	1
23/07/2024	2024	7	3	MAR	0	0	0	1	1
24/07/2024	2024	7	4	MIE	0	0	0	1	1
25/07/2024	2024	7	5	JUE	0	0	0	1	1
26/07/2024	2024	7	6	VIE	0.5	0.25	0	1	1.75
27/07/2024	2024	7	7	SAB	0.5	0	0	1	1.5
28/07/2024	2024	7	1	DOM	0.5	0	0	1	1.5
29/07/2024	2024	7	2	LUN	0	0	0	1	1
30/07/2024	2024	7	3	MAR	0	0	0	1	1
31/07/2024	2024	7	4	MIE	0	0	0	1	1
01/08/2024	2024	8	5	JUE	0	0	0	1	1
02/08/2024	2024	8	6	VIE	0.5	0	0	1	1.5
03/08/2024	2024	8	7	SAB	0.5	0	0	1	1.5
04/08/2024	2024	8	1	DOM	0.5	0	0	1	1.5
05/08/2024	2024	8	2	LUN	0	0	0	1	1
06/08/2024	2024	8	3	MAR	0	0	0	1	1
07/08/2024	2024	8	4	MIE	0	0	0	1	1
08/08/2024	2024	8	5	JUE	0	0	0	1	1
09/08/2024	2024	8	6	VIE	0.5	0	0	1	1.5
10/08/2024	2024	8	7	SAB	0.5	0	0	1	1.5
11/08/2024	2024	8	1	DOM	0.5	0	0	1	1.5
12/08/2024	2024	8	2	LUN	0	0	0	1	1
13/08/2024	2024	8	3	MAR	0	0	0	1	1
14/08/2024	2024	8	4	MIE	0	0	0	1	1
15/08/2024	2024	8	5	JUE	0	0	0	1	1
16/08/2024	2024	8	6	VIE	0.5	0	0	1	1.5
17/08/2024	2024	8	7	SAB	0.5	0	0	1	1.5
18/08/2024	2024	8	1	DOM	0.5	0	0	1	1.5
19/08/2024	2024	8	2	LUN	0	0	0	1	1
20/08/2024	2024	8	3	MAR	0	0	0	1	1
21/08/2024	2024	8	4	MIE	0	0	0	1	1
22/08/2024	2024	8	5	JUE	0	0	0	1	1
23/08/2024	2024	8	6	VIE	0.5	0	0	1	1.5
24/08/2024	2024	8	7	SAB	0.5	0	0	1	1.5
25/08/2024	2024	8	1	DOM	0.5	0	0	1	1.5
26/08/2024	2024	8	2	LUN	0	0	0	0	0
27/08/2024	2024	8	3	MAR	0	0	0	0	0
28/08/2024	2024	8	4	MIE	0	0	0	0	0
29/08/2024	2024	8	5	JUE	0	0	0	0	0
30/08/2024	2024	8	6	VIE	0.5	0.25	0	0	0.75
31/08/2024	2024	8	7	SAB	0.5	0	0	0	0.5
01/09/2024	2024	9	1	DOM	0.5	0	0	0	0.5
02/09/2024	2024	9	2	LUN	0	0	0	0	0
03/09/2024	2024	9	3	MAR	0	0	0	0	0
04/09/2024	2024	9	4	MIE	0	0	0	0	0
05/09/2024	2024	9	5	JUE	0	0	0	0	0
06/09/2024	2024	9	6	VIE	0.5	0	0	0	0.5
07/09/2024	2024	9	7	SAB	0.5	0	0	0	0.5
08/09/2024	2024	9	1	DOM	0.5	0	0	0	0.5
09/09/2024	2024	9	2	LUN	0	0	0	0	0
10/09/2024	2024	9	3	MAR	0	0	0	0	0
11/09/2024	2024	9	4	MIE	0	0	0	0	0
12/09/2024	2024	9	5	JUE	0	0	0	0	0
13/09/2024	2024	9	6	VIE	0.5	0	1.25	0	1.75
14/09/2024	2024	9	7	SAB	0.5	0	1.25	0	1.75
15/09/2024	2024	9	1	DOM	0.5	0	1.25	0	1.75
16/09/2024	2024	9	2	LUN	0	0	1.25	0	1.25
17/09/2024	2024	9	3	MAR	0	0	0	0	0
18/09/2024	2024	9	4	MIE	0	0	0	0	0
19/09/2024	2024	9	5	JUE	0	0	0	0	0
20/09/2024	2024	9	6	VIE	0.5	0	0	0	0.5
21/09/2024	2024	9	7	SAB	0.5	0	0	0	0.5
22/09/2024	2024	9	1	DOM	0.5	0	0	0	0.5
23/09/2024	2024	9	2	LUN	0	0	0	0	0
24/09/2024	2024	9	3	MAR	0	0	0	0	0
25/09/2024	2024	9	4	MIE	0	0	0	0	0
26/09/2024	2024	9	5	JUE	0	0	0	0	0
27/09/2024	2024	9	6	VIE	0.5	0.25	0	0	0.75
28/09/2024	2024	9	7	SAB	0.5	0	0	0	0.5
29/09/2024	2024	9	1	DOM	0.5	0	0	0	0.5
30/09/2024	2024	9	2	LUN	0	0	0	0	0
01/10/2024	2024	10	3	MAR	0	0	0	0	0
02/10/2024	2024	10	4	MIE	0	0	0	0	0
03/10/2024	2024	10	5	JUE	0	0	0	0	0
04/10/2024	2024	10	6	VIE	0.5	0	0	0	0.5
05/10/2024	2024	10	7	SAB	0.5	0	0	0	0.5
06/10/2024	2024	10	1	DOM	0.5	0	0	0	0.5
07/10/2024	2024	10	2	LUN	0	0	0	0	0
08/10/2024	2024	10	3	MAR	0	0	0	0	0
09/10/2024	2024	10	4	MIE	0	0	0	0	0
10/10/2024	2024	10	5	JUE	0	0	0	0	0
11/10/2024	2024	10	6	VIE	0.5	0	0	0	0.5
12/10/2024	2024	10	7	SAB	0.5	0	0	0	0.5
13/10/2024	2024	10	1	DOM	0.5	0	0	0	0.5
14/10/2024	2024	10	2	LUN	0	0	0	0	0
15/10/2024	2024	10	3	MAR	0	0	0	0	0
16/10/2024	2024	10	4	MIE	0	0	0	0	0
17/10/2024	2024	10	5	JUE	0	0	0	0	0
18/10/2024	2024	10	6	VIE	0.5	0	0	0	0.5
19/10/2024	2024	10	7	SAB	0.5	0	0	0	0.5
20/10/2024	2024	10	1	DOM	0.5	0	0	0	0.5
21/10/2024	2024	10	2	LUN	0	0	0	0	0
22/10/2024	2024	10	3	MAR	0	0	0	0	0
23/10/2024	2024	10	4	MIE	0	0	0	0	0
24/10/2024	2024	10	5	JUE	0	0	0	0	0
25/10/2024	2024	10	6	VIE	0.5	0.25	0	0	0.75
26/10/2024	2024	10	7	SAB	0.5	0	0	0	0.5
27/10/2024	2024	10	1	DOM	0.5	0	0	0	0.5
28/10/2024	2024	10	2	LUN	0	0	0	0	0
29/10/2024	2024	10	3	MAR	0	0	0	0	0
30/10/2024	2024	10	4	MIE	0	0	0	0	0
31/10/2024	2024	10	5	JUE	0	0	0	0	0
01/11/2024	2024	11	6	VIE	0.5	0	1.25	0	1.75
02/11/2024	2024	11	7	SAB	0.5	0	1.25	0	1.75
03/11/2024	2024	11	1	DOM	0.5	0	1.25	0	1.75
04/11/2024	2024	11	2	LUN	0	0	0	0	0
05/11/2024	2024	11	3	MAR	0	0	0	0	0
06/11/2024	2024	11	4	MIE	0	0	0	0	0
07/11/2024	2024	11	5	JUE	0	0	0	0	0
08/11/2024	2024	11	6	VIE	0.5	0	0	0	0.5
09/11/2024	2024	11	7	SAB	0.5	0	0	0	0.5
10/11/2024	2024	11	1	DOM	0.5	0	0	0	0.5
11/11/2024	2024	11	2	LUN	0	0	0	0	0
12/11/2024	2024	11	3	MAR	0	0	0	0	0
13/11/2024	2024	11	4	MIE	0	0	0	0	0
14/11/2024	2024	11	5	JUE	0	0	0	0	0
15/11/2024	2024	11	6	VIE	0.5	0	1.25	0	1.75
16/11/2024	2024	11	7	SAB	0.5	0	1.25	0	1.75
17/11/2024	2024	11	1	DOM	0.5	0	1.25	0	1.75
18/11/2024	2024	11	2	LUN	0	0	1.25	0	1.25
19/11/2024	2024	11	3	MAR	0	0	0	0	0
20/11/2024	2024	11	4	MIE	0	0	0	0	0
21/11/2024	2024	11	5	JUE	0	0	0	0	0
22/11/2024	2024	11	6	VIE	0.5	0	0	0	0.5
23/11/2024	2024	11	7	SAB	0.5	0	0	0	0.5
24/11/2024	2024	11	1	DOM	0.5	0	0	0	0.5
25/11/2024	2024	11	2	LUN	0	0	0	0	0
26/11/2024	2024	11	3	MAR	0	0	0	0	0
27/11/2024	2024	11	4	MIE	0	0	0	0	0
28/11/2024	2024	11	5	JUE	0	0	0	0	0
29/11/2024	2024	11	6	VIE	0.5	0.25	0	0	0.75
30/11/2024	2024	11	7	SAB	0.5	0	0	0	0.5
01/12/2024	2024	12	1	DOM	0.5	0	0	0	0.5
02/12/2024	2024	12	2	LUN	0	0	0	0	0
03/12/2024	2024	12	3	MAR	0	0	0	0	0
04/12/2024	2024	12	4	MIE	0	0	0	0	0
05/12/2024	2024	12	5	JUE	0	0	0	0	0
06/12/2024	2024	12	6	VIE	0.5	0	0	0	0.5
07/12/2024	2024	12	7	SAB	0.5	0	0	0	0.5
08/12/2024	2024	12	1	DOM	0.5	0	0	0	0.5
09/12/2024	2024	12	2	LUN	0	0	0	0	0
10/12/2024	2024	12	3	MAR	0	0	0	0	0
11/12/2024	2024	12	4	MIE	0	0	0	0	0
12/12/2024	2024	12	5	JUE	0	0	0	0	0
13/12/2024	2024	12	6	VIE	0.5	0	0	0	0.5
14/12/2024	2024	12	7	SAB	0.5	0	0	0	0.5
15/12/2024	2024	12	1	DOM	0.5	0	0	0	0.5
16/12/2024	2024	12	2	LUN	0	0	0	0	0
17/12/2024	2024	12	3	MAR	0	0	0	0	0
18/12/2024	2024	12	4	MIE	0	0	0	1	1
19/12/2024	2024	12	5	JUE	0	0	0	1	1
20/12/2024	2024	12	6	VIE	0.5	0	1.25	1	2.75
21/12/2024	2024	12	7	SAB	0.5	0	1.25	1	2.75
22/12/2024	2024	12	1	DOM	0.5	0	1.25	1	2.75
23/12/2024	2024	12	2	LUN	0	0	1.25	1	2.25
24/12/2024	2024	12	3	MAR	0	0	1.25	1	2.25
25/12/2024	2024	12	4	MIE	0	0	0	1	1
26/12/2024	2024	12	5	JUE	0	0	0	1	1
27/12/2024	2024	12	6	VIE	0.5	0	1.25	1	2.75
28/12/2024	2024	12	7	SAB	0.5	0	1.25	1	2.75
29/12/2024	2024	12	1	DOM	0.5	0	1.25	1	2.75
30/12/2024	2024	12	2	LUN	0	0	1.25	1	2.25
31/12/2024	2024	12	3	MAR	0	0	0	1	1
01/01/2025	2025	1	4	MIE	0	0	0	1	1
02/01/2025	2025	1	5	JUE	0	0	0	1	1
03/01/2025	2025	1	6	VIE	0.5	0	1.25	1	2.75
04/01/2025	2025	1	7	SAB	0.5	0	1.25	1	2.75
05/01/2025	2025	1	1	DOM	0.5	0	1.25	1	2.75
06/01/2025	2025	1	2	LUN	0	0	1.25	1	2.25
07/01/2025	2025	1	3	MAR	0	0	0	1	1
08/01/2025	2025	1	4	MIE	0	0	0	1	1
09/01/2025	2025	1	5	JUE	0	0	0	0	0
10/01/2025	2025	1	6	VIE	0.5	0	0	0	0.5
11/01/2025	2025	1	7	SAB	0.5	0	0	0	0.5
12/01/2025	2025	1	1	DOM	0.5	0	0	0	0.5
13/01/2025	2025	1	2	LUN	0	0	0	0	0
14/01/2025	2025	1	3	MAR	0	0	0	0	0
15/01/2025	2025	1	4	MIE	0	0	0	0	0
16/01/2025	2025	1	5	JUE	0	0	0	0	0
17/01/2025	2025	1	6	VIE	0.5	0	0	0	0.5
18/01/2025	2025	1	7	SAB	0.5	0	0	0	0.5
19/01/2025	2025	1	1	DOM	0.5	0	0	0	0.5
20/01/2025	2025	1	2	LUN	0	0	0	0	0
21/01/2025	2025	1	3	MAR	0	0	0	0	0
22/01/2025	2025	1	4	MIE	0	0	0	0	0
23/01/2025	2025	1	5	JUE	0	0	0	0	0
24/01/2025	2025	1	6	VIE	0.5	0	0	0	0.5
25/01/2025	2025	1	7	SAB	0.5	0	0	0	0.5
26/01/2025	2025	1	1	DOM	0.5	0	0	0	0.5
27/01/2025	2025	1	2	LUN	0	0	0	0	0
28/01/2025	2025	1	3	MAR	0	0	0	0	0
29/01/2025	2025	1	4	MIE	0	0	0	0	0
30/01/2025	2025	1	5	JUE	0	0	0	0	0
31/01/2025	2025	1	6	VIE	0.5	0.25	1.25	0	2
01/02/2025	2025	2	7	SAB	0.5	0	1.25	0	1.75
02/02/2025	2025	2	1	DOM	0.5	0	1.25	0	1.75
03/02/2025	2025	2	2	LUN	0	0	1.25	0	1.25
04/02/2025	2025	2	3	MAR	0	0	0	0	0
05/02/2025	2025	2	4	MIE	0	0	0	0	0
06/02/2025	2025	2	5	JUE	0	0	0	0	0
07/02/2025	2025	2	6	VIE	0.5	0	0	0	0.5
08/02/2025	2025	2	7	SAB	0.5	0	0	0	0.5
09/02/2025	2025	2	1	DOM	0.5	0	0	0	0.5
10/02/2025	2025	2	2	LUN	0	0	0	0	0
11/02/2025	2025	2	3	MAR	0	0	0	0	0
12/02/2025	2025	2	4	MIE	0	0	0	0	0
13/02/2025	2025	2	5	JUE	0	0	0	0	0
14/02/2025	2025	2	6	VIE	0.5	0	0	0	0.5
15/02/2025	2025	2	7	SAB	0.5	0	0	0	0.5
16/02/2025	2025	2	1	DOM	0.5	0	0	0	0.5
17/02/2025	2025	2	2	LUN	0	0	0	0	0
18/02/2025	2025	2	3	MAR	0	0	0	0	0
19/02/2025	2025	2	4	MIE	0	0	0	0	0
20/02/2025	2025	2	5	JUE	0	0	0	0	0
21/02/2025	2025	2	6	VIE	0.5	0	0	0	0.5
22/02/2025	2025	2	7	SAB	0.5	0	0	0	0.5
23/02/2025	2025	2	1	DOM	0.5	0	0	0	0.5
24/02/2025	2025	2	2	LUN	0	0	0	0	0
25/02/2025	2025	2	3	MAR	0	0	0	0	0
26/02/2025	2025	2	4	MIE	0	0	0	0	0
27/02/2025	2025	2	5	JUE	0	0	0	0	0
28/02/2025	2025	2	6	VIE	0.5	0.25	0	0	0.75
01/03/2025	2025	3	7	SAB	0.5	0	0	0	0.5
02/03/2025	2025	3	1	DOM	0.5	0	0	0	0.5
03/03/2025	2025	3	2	LUN	0	0	0	0	0
04/03/2025	2025	3	3	MAR	0	0	0	0	0
05/03/2025	2025	3	4	MIE	0	0	0	0	0
06/03/2025	2025	3	5	JUE	0	0	0	0	0
07/03/2025	2025	3	6	VIE	0.5	0	0	0	0.5
08/03/2025	2025	3	7	SAB	0.5	0	0	0	0.5
09/03/2025	2025	3	1	DOM	0.5	0	0	0	0.5
10/03/2025	2025	3	2	LUN	0	0	0	0	0
11/03/2025	2025	3	3	MAR	0	0	0	0	0
12/03/2025	2025	3	4	MIE	0	0	0	0	0
13/03/2025	2025	3	5	JUE	0	0	0	0	0
14/03/2025	2025	3	6	VIE	0.5	0	1.25	0	1.75
15/03/2025	2025	3	7	SAB	0.5	0	1.25	0	1.75
16/03/2025	2025	3	1	DOM	0.5	0	1.25	0	1.75
17/03/2025	2025	3	2	LUN	0	0	1.25	0	1.25
18/03/2025	2025	3	3	MAR	0	0	0	0	0
19/03/2025	2025	3	4	MIE	0	0	0	0	0
20/03/2025	2025	3	5	JUE	0	0	0	0	0
21/03/2025	2025	3	6	VIE	0.5	0	0	0	0.5
22/03/2025	2025	3	7	SAB	0.5	0	0	0	0.5
23/03/2025	2025	3	1	DOM	0.5	0	0	0	0.5
24/03/2025	2025	3	2	LUN	0	0	0	0	0
25/03/2025	2025	3	3	MAR	0	0	0	0	0
26/03/2025	2025	3	4	MIE	0	0	0	0	0
27/03/2025	2025	3	5	JUE	0	0	0	0	0
28/03/2025	2025	3	6	VIE	0.5	0.25	0	0	0.75
29/03/2025	2025	3	7	SAB	0.5	0	0	0	0.5
30/03/2025	2025	3	1	DOM	0.5	0	0	0	0.5
31/03/2025	2025	3	2	LUN	0	0	0	0	0
01/04/2025	2025	4	3	MAR	0	0	0	0	0
02/04/2025	2025	4	4	MIE	0	0	0	0	0
03/04/2025	2025	4	5	JUE	0	0	0	0	0
04/04/2025	2025	4	6	VIE	0.5	0	0	0	0.5
05/04/2025	2025	4	7	SAB	0.5	0	0	0	0.5
06/04/2025	2025	4	1	DOM	0.5	0	0	0	0.5
07/04/2025	2025	4	2	LUN	0	0	0	0	0
08/04/2025	2025	4	3	MAR	0	0	0	0	0
09/04/2025	2025	4	4	MIE	0	0	0	0	0
10/04/2025	2025	4	5	JUE	0	0	0	0	0
11/04/2025	2025	4	6	VIE	0.5	0	0	1	1.5
12/04/2025	2025	4	7	SAB	0.5	0	0	1	1.5
13/04/2025	2025	4	1	DOM	0.5	0	0	1	1.5
14/04/2025	2025	4	2	LUN	0	0	0	1	1
15/04/2025	2025	4	3	MAR	0	0	0	1	1
16/04/2025	2025	4	4	MIE	0	0	0	1	1
17/04/2025	2025	4	5	JUE	0	0	0	1	1
18/04/2025	2025	4	6	VIE	0.5	0	0	1	1.5
19/04/2025	2025	4	7	SAB	0.5	0	0	1	1.5
20/04/2025	2025	4	1	DOM	0.5	0	0	1	1.5
21/04/2025	2025	4	2	LUN	0	0	0	1	1
22/04/2025	2025	4	3	MAR	0	0	0	1	1
23/04/2025	2025	4	4	MIE	0	0	0	1	1
24/04/2025	2025	4	5	JUE	0	0	0	1	1
25/04/2025	2025	4	6	VIE	0.5	0.25	0	1	1.75
26/04/2025	2025	4	7	SAB	0.5	0	0	1	1.5
27/04/2025	2025	4	1	DOM	0.5	0	0	1	1.5
28/04/2025	2025	4	2	LUN	0	0	0	0	0
29/04/2025	2025	4	3	MAR	0	0	0	0	0
30/04/2025	2025	4	4	MIE	0	0	1.25	0	1.25
01/05/2025	2025	5	5	JUE	0	0	1.25	0	1.25
02/05/2025	2025	5	6	VIE	0.5	0	1.25	0	1.75
03/05/2025	2025	5	7	SAB	0.5	0	1.25	0	1.75
04/05/2025	2025	5	1	DOM	0.5	0	1.25	0	1.75
05/05/2025	2025	5	2	LUN	0	0	1.25	0	1.25
06/05/2025	2025	5	3	MAR	0	0	0	0	0
07/05/2025	2025	5	4	MIE	0	0	0	0	0
08/05/2025	2025	5	5	JUE	0	0	0	0	0
09/05/2025	2025	5	6	VIE	0.5	0	0	0	0.5
10/05/2025	2025	5	7	SAB	0.5	0	0	0	0.5
11/05/2025	2025	5	1	DOM	0.5	0	0	0	0.5
12/05/2025	2025	5	2	LUN	0	0	0	0	0
13/05/2025	2025	5	3	MAR	0	0	0	0	0
14/05/2025	2025	5	4	MIE	0	0	0	0	0
15/05/2025	2025	5	5	JUE	0	0	1.25	0	1.25
16/05/2025	2025	5	6	VIE	0.5	0	0	0	0.5
17/05/2025	2025	5	7	SAB	0.5	0	0	0	0.5
18/05/2025	2025	5	1	DOM	0.5	0	0	0	0.5
19/05/2025	2025	5	2	LUN	0	0	0	0	0
20/05/2025	2025	5	3	MAR	0	0	0	0	0
21/05/2025	2025	5	4	MIE	0	0	0	0	0
22/05/2025	2025	5	5	JUE	0	0	0	0	0
23/05/2025	2025	5	6	VIE	0.5	0	0	0	0.5
24/05/2025	2025	5	7	SAB	0.5	0	0	0	0.5
25/05/2025	2025	5	1	DOM	0.5	0	0	0	0.5
26/05/2025	2025	5	2	LUN	0	0	0	0	0
27/05/2025	2025	5	3	MAR	0	0	0	0	0
28/05/2025	2025	5	4	MIE	0	0	0	0	0
29/05/2025	2025	5	5	JUE	0	0	0	0	0
30/05/2025	2025	5	6	VIE	0.5	0.25	0	0	0.75
31/05/2025	2025	5	7	SAB	0.5	0	0	0	0.5
01/06/2025	2025	6	1	DOM	0.5	0	0	0	0.5
02/06/2025	2025	6	2	LUN	0	0	0	0	0
03/06/2025	2025	6	3	MAR	0	0	0	0	0
04/06/2025	2025	6	4	MIE	0	0	0	0	0
05/06/2025	2025	6	5	JUE	0	0	0	0	0
06/06/2025	2025	6	6	VIE	0.5	0	0	0	0.5
07/06/2025	2025	6	7	SAB	0.5	0	0	0	0.5
08/06/2025	2025	6	1	DOM	0.5	0	0	0	0.5
09/06/2025	2025	6	2	LUN	0	0	0	0	0
10/06/2025	2025	6	3	MAR	0	0	0	0	0
11/06/2025	2025	6	4	MIE	0	0	0	0	0
12/06/2025	2025	6	5	JUE	0	0	0	0	0
13/06/2025	2025	6	6	VIE	0.5	0	0	0	0.5
14/06/2025	2025	6	7	SAB	0.5	0	0	0	0.5
15/06/2025	2025	6	1	DOM	0.5	0	0	0	0.5
16/06/2025	2025	6	2	LUN	0	0	0	0	0
17/06/2025	2025	6	3	MAR	0	0	0	0	0
18/06/2025	2025	6	4	MIE	0	0	0	0	0
19/06/2025	2025	6	5	JUE	0	0	0	0	0
20/06/2025	2025	6	6	VIE	0.5	0	0	0	0.5
21/06/2025	2025	6	7	SAB	0.5	0	0	0	0.5
22/06/2025	2025	6	1	DOM	0.5	0	0	0	0.5
23/06/2025	2025	6	2	LUN	0	0	0	0	0
24/06/2025	2025	6	3	MAR	0	0	0	0	0
25/06/2025	2025	6	4	MIE	0	0	0	0	0
26/06/2025	2025	6	5	JUE	0	0	0	0	0
27/06/2025	2025	6	6	VIE	0.5	0.25	0	0	0.75
28/06/2025	2025	6	7	SAB	0.5	0	0	0	0.5
29/06/2025	2025	6	1	DOM	0.5	0	0	0	0.5
30/06/2025	2025	6	2	LUN	0	0	0	0	0
01/07/2025	2025	7	3	MAR	0	0	0	0	0
02/07/2025	2025	7	4	MIE	0	0	0	0	0
03/07/2025	2025	7	5	JUE	0	0	0	0	0
04/07/2025	2025	7	6	VIE	0.5	0	0	0	0.5
05/07/2025	2025	7	7	SAB	0.5	0	0	0	0.5
06/07/2025	2025	7	1	DOM	0.5	0	0	0	0.5
07/07/2025	2025	7	2	LUN	0	0	0	0	0
08/07/2025	2025	7	3	MAR	0	0	0	0	0
09/07/2025	2025	7	4	MIE	0	0	0	0	0
10/07/2025	2025	7	5	JUE	0	0	0	0	0
11/07/2025	2025	7	6	VIE	0.5	0	0	0	0.5
12/07/2025	2025	7	7	SAB	0.5	0	0	0	0.5
13/07/2025	2025	7	1	DOM	0.5	0	0	0	0.5
14/07/2025	2025	7	2	LUN	0	0	0	0	0
15/07/2025	2025	7	3	MAR	0	0	0	0	0
16/07/2025	2025	7	4	MIE	0	0	0	0	0
17/07/2025	2025	7	5	JUE	0	0	0	0	0
18/07/2025	2025	7	6	VIE	0.5	0	0	1	1.5
19/07/2025	2025	7	7	SAB	0.5	0	0	1	1.5
20/07/2025	2025	7	1	DOM	0.5	0	0	1	1.5
21/07/2025	2025	7	2	LUN	0	0	0	1	1
22/07/2025	2025	7	3	MAR	0	0	0	1	1
23/07/2025	2025	7	4	MIE	0	0	0	1	1
24/07/2025	2025	7	5	JUE	0	0	0	1	1
25/07/2025	2025	7	6	VIE	0.5	0.25	0	1	1.75
26/07/2025	2025	7	7	SAB	0.5	0	0	1	1.5
27/07/2025	2025	7	1	DOM	0.5	0	0	1	1.5
28/07/2025	2025	7	2	LUN	0	0	0	1	1
29/07/2025	2025	7	3	MAR	0	0	0	1	1
30/07/2025	2025	7	4	MIE	0	0	0	1	1
31/07/2025	2025	7	5	JUE	0	0	0	1	1
01/08/2025	2025	8	6	VIE	0.5	0	0	1	1.5
02/08/2025	2025	8	7	SAB	0.5	0	0	1	1.5
03/08/2025	2025	8	1	DOM	0.5	0	0	1	1.5
04/08/2025	2025	8	2	LUN	0	0	0	1	1
05/08/2025	2025	8	3	MAR	0	0	0	1	1
06/08/2025	2025	8	4	MIE	0	0	0	1	1
07/08/2025	2025	8	5	JUE	0	0	0	1	1
08/08/2025	2025	8	6	VIE	0.5	0	0	1	1.5
09/08/2025	2025	8	7	SAB	0.5	0	0	1	1.5
10/08/2025	2025	8	1	DOM	0.5	0	0	1	1.5
11/08/2025	2025	8	2	LUN	0	0	0	1	1
12/08/2025	2025	8	3	MAR	0	0	0	1	1
13/08/2025	2025	8	4	MIE	0	0	0	1	1
14/08/2025	2025	8	5	JUE	0	0	0	1	1
15/08/2025	2025	8	6	VIE	0.5	0	0	1	1.5
16/08/2025	2025	8	7	SAB	0.5	0	0	1	1.5
17/08/2025	2025	8	1	DOM	0.5	0	0	1	1.5
18/08/2025	2025	8	2	LUN	0	0	0	1	1
19/08/2025	2025	8	3	MAR	0	0	0	1	1
20/08/2025	2025	8	4	MIE	0	0	0	1	1
21/08/2025	2025	8	5	JUE	0	0	0	1	1
22/08/2025	2025	8	6	VIE	0.5	0	0	1	1.5
23/08/2025	2025	8	7	SAB	0.5	0	0	1	1.5
24/08/2025	2025	8	1	DOM	0.5	0	0	1	1.5
25/08/2025	2025	8	2	LUN	0	0	0	1	1
26/08/2025	2025	8	3	MAR	0	0	0	1	1
27/08/2025	2025	8	4	MIE	0	0	0	1	1
28/08/2025	2025	8	5	JUE	0	0	0	1	1
29/08/2025	2025	8	6	VIE	0.5	0.25	0	1	1.75
30/08/2025	2025	8	7	SAB	0.5	0	0	0	0.5
31/08/2025	2025	8	1	DOM	0.5	0	0	0	0.5
01/09/2025	2025	9	2	LUN	0	0	0	0	0
02/09/2025	2025	9	3	MAR	0	0	0	0	0
03/09/2025	2025	9	4	MIE	0	0	0	0	0
04/09/2025	2025	9	5	JUE	0	0	0	0	0
05/09/2025	2025	9	6	VIE	0.5	0	0	0	0.5
06/09/2025	2025	9	7	SAB	0.5	0	0	0	0.5
07/09/2025	2025	9	1	DOM	0.5	0	0	0	0.5
08/09/2025	2025	9	2	LUN	0	0	0	0	0
09/09/2025	2025	9	3	MAR	0	0	0	0	0
10/09/2025	2025	9	4	MIE	0	0	0	0	0
11/09/2025	2025	9	5	JUE	0	0	0	0	0
12/09/2025	2025	9	6	VIE	0.5	0	1.25	0	1.75
13/09/2025	2025	9	7	SAB	0.5	0	1.25	0	1.75
14/09/2025	2025	9	1	DOM	0.5	0	1.25	0	1.75
15/09/2025	2025	9	2	LUN	0	0	1.25	0	1.25
16/09/2025	2025	9	3	MAR	0	0	1.25	0	1.25
17/09/2025	2025	9	4	MIE	0	0	0	0	0
18/09/2025	2025	9	5	JUE	0	0	0	0	0
19/09/2025	2025	9	6	VIE	0.5	0	0	0	0.5
20/09/2025	2025	9	7	SAB	0.5	0	0	0	0.5
21/09/2025	2025	9	1	DOM	0.5	0	0	0	0.5
22/09/2025	2025	9	2	LUN	0	0	0	0	0
23/09/2025	2025	9	3	MAR	0	0	0	0	0
24/09/2025	2025	9	4	MIE	0	0	0	0	0
25/09/2025	2025	9	5	JUE	0	0	0	0	0
26/09/2025	2025	9	6	VIE	0.5	0.25	0	0	0.75
27/09/2025	2025	9	7	SAB	0.5	0	0	0	0.5
28/09/2025	2025	9	1	DOM	0.5	0	0	0	0.5
29/09/2025	2025	9	2	LUN	0	0	0	0	0
30/09/2025	2025	9	3	MAR	0	0	0	0	0
01/10/2025	2025	10	4	MIE	0	0	0	0	0
02/10/2025	2025	10	5	JUE	0	0	0	0	0
03/10/2025	2025	10	6	VIE	0.5	0	0	0	0.5
04/10/2025	2025	10	7	SAB	0.5	0	0	0	0.5
05/10/2025	2025	10	1	DOM	0.5	0	0	0	0.5
06/10/2025	2025	10	2	LUN	0	0	0	0	0
07/10/2025	2025	10	3	MAR	0	0	0	0	0
08/10/2025	2025	10	4	MIE	0	0	0	0	0
09/10/2025	2025	10	5	JUE	0	0	0	0	0
10/10/2025	2025	10	6	VIE	0.5	0	0	0	0.5
11/10/2025	2025	10	7	SAB	0.5	0	0	0	0.5
12/10/2025	2025	10	1	DOM	0.5	0	0	0	0.5
13/10/2025	2025	10	2	LUN	0	0	0	0	0
14/10/2025	2025	10	3	MAR	0	0	0	0	0
15/10/2025	2025	10	4	MIE	0	0	0	0	0
16/10/2025	2025	10	5	JUE	0	0	0	0	0
17/10/2025	2025	10	6	VIE	0.5	0	0	0	0.5
18/10/2025	2025	10	7	SAB	0.5	0	0	0	0.5
19/10/2025	2025	10	1	DOM	0.5	0	0	0	0.5
20/10/2025	2025	10	2	LUN	0	0	0	0	0
21/10/2025	2025	10	3	MAR	0	0	0	0	0
22/10/2025	2025	10	4	MIE	0	0	0	0	0
23/10/2025	2025	10	5	JUE	0	0	0	0	0
24/10/2025	2025	10	6	VIE	0.5	0	0	0	0.5
25/10/2025	2025	10	7	SAB	0.5	0	0	0	0.5
26/10/2025	2025	10	1	DOM	0.5	0	0	0	0.5
27/10/2025	2025	10	2	LUN	0	0	0	0	0
28/10/2025	2025	10	3	MAR	0	0	0	0	0
29/10/2025	2025	10	4	MIE	0	0	0	0	0
30/10/2025	2025	10	5	JUE	0	0	0	0	0
31/10/2025	2025	10	6	VIE	0.5	0.25	1.25	0	2
01/11/2025	2025	11	7	SAB	0.5	0	1.25	0	1.75
02/11/2025	2025	11	1	DOM	0.5	0	1.25	0	1.75
03/11/2025	2025	11	2	LUN	0	0	0	0	0
04/11/2025	2025	11	3	MAR	0	0	0	0	0
05/11/2025	2025	11	4	MIE	0	0	0	0	0
06/11/2025	2025	11	5	JUE	0	0	0	0	0
07/11/2025	2025	11	6	VIE	0.5	0	0	0	0.5
08/11/2025	2025	11	7	SAB	0.5	0	0	0	0.5
09/11/2025	2025	11	1	DOM	0.5	0	0	0	0.5
10/11/2025	2025	11	2	LUN	0	0	0	0	0
11/11/2025	2025	11	3	MAR	0	0	0	0	0
12/11/2025	2025	11	4	MIE	0	0	0	0	0
13/11/2025	2025	11	5	JUE	0	0	0	0	0
14/11/2025	2025	11	6	VIE	0.5	0	1.25	0	1.75
15/11/2025	2025	11	7	SAB	0.5	0	1.25	0	1.75
16/11/2025	2025	11	1	DOM	0.5	0	1.25	0	1.75
17/11/2025	2025	11	2	LUN	0	0	0	0	0
18/11/2025	2025	11	3	MAR	0	0	0	0	0
19/11/2025	2025	11	4	MIE	0	0	0	0	0
20/11/2025	2025	11	5	JUE	0	0	0	0	0
21/11/2025	2025	11	6	VIE	0.5	0	0	0	0.5
22/11/2025	2025	11	7	SAB	0.5	0	0	0	0.5
23/11/2025	2025	11	1	DOM	0.5	0	0	0	0.5
24/11/2025	2025	11	2	LUN	0	0	0	0	0
25/11/2025	2025	11	3	MAR	0	0	0	0	0
26/11/2025	2025	11	4	MIE	0	0	0	0	0
27/11/2025	2025	11	5	JUE	0	0	0	0	0
28/11/2025	2025	11	6	VIE	0.5	0.25	0	0	0.75
29/11/2025	2025	11	7	SAB	0.5	0	0	0	0.5
30/11/2025	2025	11	1	DOM	0.5	0	0	0	0.5
01/12/2025	2025	12	2	LUN	0	0	0	0	0
02/12/2025	2025	12	3	MAR	0	0	0	0	0
03/12/2025	2025	12	4	MIE	0	0	0	0	0
04/12/2025	2025	12	5	JUE	0	0	0	0	0
05/12/2025	2025	12	6	VIE	0.5	0	0	0	0.5
06/12/2025	2025	12	7	SAB	0.5	0	0	0	0.5
07/12/2025	2025	12	1	DOM	0.5	0	0	0	0.5
08/12/2025	2025	12	2	LUN	0	0	0	0	0
09/12/2025	2025	12	3	MAR	0	0	0	0	0
10/12/2025	2025	12	4	MIE	0	0	0	0	0
11/12/2025	2025	12	5	JUE	0	0	0	0	0
12/12/2025	2025	12	6	VIE	0.5	0	0	0	0.5
13/12/2025	2025	12	7	SAB	0.5	0	0	0	0.5
14/12/2025	2025	12	1	DOM	0.5	0	0	0	0.5
15/12/2025	2025	12	2	LUN	0	0	0	0	0
16/12/2025	2025	12	3	MAR	0	0	0	0	0
17/12/2025	2025	12	4	MIE	0	0	0	0	0
18/12/2025	2025	12	5	JUE	0	0	0	0	0
19/12/2025	2025	12	6	VIE	0.5	0	1.25	1	2.75
20/12/2025	2025	12	7	SAB	0.5	0	1.25	1	2.75
21/12/2025	2025	12	1	DOM	0.5	0	1.25	1	2.75
22/12/2025	2025	12	2	LUN	0	0	1.25	1	2.25
23/12/2025	2025	12	3	MAR	0	0	1.25	1	2.25
24/12/2025	2025	12	4	MIE	0	0	1.25	1	2.25
25/12/2025	2025	12	5	JUE	0	0	0	1	1
26/12/2025	2025	12	6	VIE	0.5	0	1.25	1	2.75
27/12/2025	2025	12	7	SAB	0.5	0	1.25	1	2.75
28/12/2025	2025	12	1	DOM	0.5	0	1.25	1	2.75
29/12/2025	2025	12	2	LUN	0	0	1.25	1	2.25
30/12/2025	2025	12	3	MAR	0	0	1.25	1	2.25
31/12/2025	2025	12	4	MIE	0	0	1.25	1	2.25
01/01/2026	2026	1	5	JUE	0	0	0	1	1
02/01/2026	2026	1	6	VIE	0.5	0	0	1	1.5
03/01/2026	2026	1	7	SAB	0.5	0	0	1	1.5
04/01/2026	2026	1	1	DOM	0.5	0	0	1	1.5
05/01/2026	2026	1	2	LUN	0	0	0	1	1
06/01/2026	2026	1	3	MAR	0	0	0	1	1
07/01/2026	2026	1	4	MIE	0	0	0	1	1
08/01/2026	2026	1	5	JUE	0	0	0	0	0
09/01/2026	2026	1	6	VIE	0.5	0	0	0	0.5
10/01/2026	2026	1	7	SAB	0.5	0	0	0	0.5
11/01/2026	2026	1	1	DOM	0.5	0	0	0	0.5
12/01/2026	2026	1	2	LUN	0	0	0	0	0
13/01/2026	2026	1	3	MAR	0	0	0	0	0
14/01/2026	2026	1	4	MIE	0	0	0	0	0
15/01/2026	2026	1	5	JUE	0	0	0	0	0
16/01/2026	2026	1	6	VIE	0.5	0	0	0	0.5
17/01/2026	2026	1	7	SAB	0.5	0	0	0	0.5
18/01/2026	2026	1	1	DOM	0.5	0	0	0	0.5
19/01/2026	2026	1	2	LUN	0	0	0	0	0
20/01/2026	2026	1	3	MAR	0	0	0	0	0
21/01/2026	2026	1	4	MIE	0	0	0	0	0
22/01/2026	2026	1	5	JUE	0	0	0	0	0
23/01/2026	2026	1	6	VIE	0.5	0	0	0	0.5
24/01/2026	2026	1	7	SAB	0.5	0	0	0	0.5
25/01/2026	2026	1	1	DOM	0.5	0	0	0	0.5
26/01/2026	2026	1	2	LUN	0	0	0	0	0
27/01/2026	2026	1	3	MAR	0	0	0	0	0
28/01/2026	2026	1	4	MIE	0	0	0	0	0
29/01/2026	2026	1	5	JUE	0	0	0	0	0
30/01/2026	2026	1	6	VIE	0.5	0.25	1.25	0	2
31/01/2026	2026	1	7	SAB	0.5	0	1.25	0	1.75
01/02/2026	2026	2	1	DOM	0.5	0	1.25	0	1.75
02/02/2026	2026	2	2	LUN	0	0	1.25	0	1.25
03/02/2026	2026	2	3	MAR	0	0	0	0	0
04/02/2026	2026	2	4	MIE	0	0	0	0	0
05/02/2026	2026	2	5	JUE	0	0	0	0	0
06/02/2026	2026	2	6	VIE	0.5	0	0	0	0.5
07/02/2026	2026	2	7	SAB	0.5	0	0	0	0.5
08/02/2026	2026	2	1	DOM	0.5	0	0	0	0.5
09/02/2026	2026	2	2	LUN	0	0	0	0	0
10/02/2026	2026	2	3	MAR	0	0	0	0	0
11/02/2026	2026	2	4	MIE	0	0	0	0	0
12/02/2026	2026	2	5	JUE	0	0	0	0	0
13/02/2026	2026	2	6	VIE	0.5	0	0	0	0.5
14/02/2026	2026	2	7	SAB	0.5	0	0	0	0.5
15/02/2026	2026	2	1	DOM	0.5	0	0	0	0.5
16/02/2026	2026	2	2	LUN	0	0	0	0	0
17/02/2026	2026	2	3	MAR	0	0	0	0	0
18/02/2026	2026	2	4	MIE	0	0	0	0	0
19/02/2026	2026	2	5	JUE	0	0	0	0	0
20/02/2026	2026	2	6	VIE	0.5	0	0	0	0.5
21/02/2026	2026	2	7	SAB	0.5	0	0	0	0.5
22/02/2026	2026	2	1	DOM	0.5	0	0	0	0.5
23/02/2026	2026	2	2	LUN	0	0	0	0	0
24/02/2026	2026	2	3	MAR	0	0	0	0	0
25/02/2026	2026	2	4	MIE	0	0	0	0	0
26/02/2026	2026	2	5	JUE	0	0	0	0	0
27/02/2026	2026	2	6	VIE	0.5	0.25	0	0	0.75
28/02/2026	2026	2	7	SAB	0.5	0	0	0	0.5
01/03/2026	2026	3	1	DOM	0.5	0	0	0	0.5
02/03/2026	2026	3	2	LUN	0	0	0	0	0
03/03/2026	2026	3	3	MAR	0	0	0	0	0
04/03/2026	2026	3	4	MIE	0	0	0	0	0
05/03/2026	2026	3	5	JUE	0	0	0	0	0
06/03/2026	2026	3	6	VIE	0.5	0	0	0	0.5
07/03/2026	2026	3	7	SAB	0.5	0	0	0	0.5
08/03/2026	2026	3	1	DOM	0.5	0	0	0	0.5
09/03/2026	2026	3	2	LUN	0	0	0	0	0
10/03/2026	2026	3	3	MAR	0	0	0	0	0
11/03/2026	2026	3	4	MIE	0	0	0	0	0
12/03/2026	2026	3	5	JUE	0	0	0	0	0
13/03/2026	2026	3	6	VIE	0.5	0	1.25	0	1.75
14/03/2026	2026	3	7	SAB	0.5	0	1.25	0	1.75
15/03/2026	2026	3	1	DOM	0.5	0	1.25	0	1.75
16/03/2026	2026	3	2	LUN	0	0	1.25	0	1.25
17/03/2026	2026	3	3	MAR	0	0	0	0	0
18/03/2026	2026	3	4	MIE	0	0	0	0	0
19/03/2026	2026	3	5	JUE	0	0	0	0	0
20/03/2026	2026	3	6	VIE	0.5	0	0	0	0.5
21/03/2026	2026	3	7	SAB	0.5	0	0	0	0.5
22/03/2026	2026	3	1	DOM	0.5	0	0	0	0.5
23/03/2026	2026	3	2	LUN	0	0	0	0	0
24/03/2026	2026	3	3	MAR	0	0	0	0	0
25/03/2026	2026	3	4	MIE	0	0	0	0	0
26/03/2026	2026	3	5	JUE	0	0	0	0	0
27/03/2026	2026	3	6	VIE	0.5	0.25	0	1	1.75
28/03/2026	2026	3	7	SAB	0.5	0	0	1	1.5
29/03/2026	2026	3	1	DOM	0.5	0	0	1	1.5
30/03/2026	2026	3	2	LUN	0	0	0	1	1
31/03/2026	2026	3	3	MAR	0	0	0	1	1
01/04/2026	2026	4	4	MIE	0	0	0	1	1
02/04/2026	2026	4	5	JUE	0	0	0	1	1
03/04/2026	2026	4	6	VIE	0.5	0	0	1	1.5
04/04/2026	2026	4	7	SAB	0.5	0	0	1	1.5
05/04/2026	2026	4	1	DOM	0.5	0	0	1	1.5
06/04/2026	2026	4	2	LUN	0	0	0	1	1
07/04/2026	2026	4	3	MAR	0	0	0	1	1
08/04/2026	2026	4	4	MIE	0	0	0	1	1
09/04/2026	2026	4	5	JUE	0	0	0	1	1
10/04/2026	2026	4	6	VIE	0.5	0	0	1	1.5
11/04/2026	2026	4	7	SAB	0.5	0	0	1	1.5
12/04/2026	2026	4	1	DOM	0.5	0	0	1	1.5
13/04/2026	2026	4	2	LUN	0	0	0	0	0
14/04/2026	2026	4	3	MAR	0	0	0	0	0
15/04/2026	2026	4	4	MIE	0	0	0	0	0
16/04/2026	2026	4	5	JUE	0	0	0	0	0
17/04/2026	2026	4	6	VIE	0.5	0	0	0	0.5
18/04/2026	2026	4	7	SAB	0.5	0	0	0	0.5
19/04/2026	2026	4	1	DOM	0.5	0	0	0	0.5
20/04/2026	2026	4	2	LUN	0	0	0	0	0
21/04/2026	2026	4	3	MAR	0	0	0	0	0
22/04/2026	2026	4	4	MIE	0	0	0	0	0
23/04/2026	2026	4	5	JUE	0	0	0	0	0
24/04/2026	2026	4	6	VIE	0.5	0.25	0	0	0.75
25/04/2026	2026	4	7	SAB	0.5	0	0	0	0.5
26/04/2026	2026	4	1	DOM	0.5	0	0	0	0.5
27/04/2026	2026	4	2	LUN	0	0	0	0	0
28/04/2026	2026	4	3	MAR	0	0	0	0	0
29/04/2026	2026	4	4	MIE	0	0	0	0	0
30/04/2026	2026	4	5	JUE	0	0	1.25	0	1.25
01/05/2026	2026	5	6	VIE	0.5	0	1.25	0	1.75
02/05/2026	2026	5	7	SAB	0.5	0	1.25	0	1.75
03/05/2026	2026	5	1	DOM	0.5	0	1.25	0	1.75
04/05/2026	2026	5	2	LUN	0	0	1.25	0	1.25
05/05/2026	2026	5	3	MAR	0	0	1.25	0	1.25
06/05/2026	2026	5	4	MIE	0	0	0	0	0
07/05/2026	2026	5	5	JUE	0	0	0	0	0
08/05/2026	2026	5	6	VIE	0.5	0	0	0	0.5
09/05/2026	2026	5	7	SAB	0.5	0	0	0	0.5
10/05/2026	2026	5	1	DOM	0.5	0	0	0	0.5
11/05/2026	2026	5	2	LUN	0	0	0	0	0
12/05/2026	2026	5	3	MAR	0	0	0	0	0
13/05/2026	2026	5	4	MIE	0	0	0	0	0
14/05/2026	2026	5	5	JUE	0	0	0	0	0
15/05/2026	2026	5	6	VIE	0.5	0	1.25	0	1.75
16/05/2026	2026	5	7	SAB	0.5	0	1.25	0	1.75
17/05/2026	2026	5	1	DOM	0.5	0	1.25	0	1.75
18/05/2026	2026	5	2	LUN	0	0	0	0	0
19/05/2026	2026	5	3	MAR	0	0	0	0	0
20/05/2026	2026	5	4	MIE	0	0	0	0	0
21/05/2026	2026	5	5	JUE	0	0	0	0	0
22/05/2026	2026	5	6	VIE	0.5	0	0	0	0.5
23/05/2026	2026	5	7	SAB	0.5	0	0	0	0.5
24/05/2026	2026	5	1	DOM	0.5	0	0	0	0.5
25/05/2026	2026	5	2	LUN	0	0	0	0	0
26/05/2026	2026	5	3	MAR	0	0	0	0	0
27/05/2026	2026	5	4	MIE	0	0	0	0	0
28/05/2026	2026	5	5	JUE	0	0	0	0	0
29/05/2026	2026	5	6	VIE	0.5	0.25	0	0	0.75
30/05/2026	2026	5	7	SAB	0.5	0	0	0	0.5
31/05/2026	2026	5	1	DOM	0.5	0	0	0	0.5
01/06/2026	2026	6	2	LUN	0	0	0	0	0
02/06/2026	2026	6	3	MAR	0	0	0	0	0
03/06/2026	2026	6	4	MIE	0	0	0	0	0
04/06/2026	2026	6	5	JUE	0	0	0	0	0
05/06/2026	2026	6	6	VIE	0.5	0	0	0	0.5
06/06/2026	2026	6	7	SAB	0.5	0	0	0	0.5
07/06/2026	2026	6	1	DOM	0.5	0	0	0	0.5
08/06/2026	2026	6	2	LUN	0	0	0	0	0
09/06/2026	2026	6	3	MAR	0	0	0	0	0
10/06/2026	2026	6	4	MIE	0	0	0	0	0
11/06/2026	2026	6	5	JUE	0	0	0	0	0
12/06/2026	2026	6	6	VIE	0.5	0	0	0	0.5
13/06/2026	2026	6	7	SAB	0.5	0	0	0	0.5
14/06/2026	2026	6	1	DOM	0.5	0	0	0	0.5
15/06/2026	2026	6	2	LUN	0	0	0	0	0
16/06/2026	2026	6	3	MAR	0	0	0	0	0
17/06/2026	2026	6	4	MIE	0	0	0	0	0
18/06/2026	2026	6	5	JUE	0	0	0	0	0
19/06/2026	2026	6	6	VIE	0.5	0	0	0	0.5
20/06/2026	2026	6	7	SAB	0.5	0	0	0	0.5
21/06/2026	2026	6	1	DOM	0.5	0	0	0	0.5
22/06/2026	2026	6	2	LUN	0	0	0	0	0
23/06/2026	2026	6	3	MAR	0	0	0	0	0
24/06/2026	2026	6	4	MIE	0	0	0	0	0
25/06/2026	2026	6	5	JUE	0	0	0	0	0
26/06/2026	2026	6	6	VIE	0.5	0.25	0	0	0.75
27/06/2026	2026	6	7	SAB	0.5	0	0	0	0.5
28/06/2026	2026	6	1	DOM	0.5	0	0	0	0.5
29/06/2026	2026	6	2	LUN	0	0	0	0	0
30/06/2026	2026	6	3	MAR	0	0	0	0	0
01/07/2026	2026	7	4	MIE	0	0	0	0	0
02/07/2026	2026	7	5	JUE	0	0	0	0	0
03/07/2026	2026	7	6	VIE	0.5	0	0	0	0.5
04/07/2026	2026	7	7	SAB	0.5	0	0	0	0.5
05/07/2026	2026	7	1	DOM	0.5	0	0	0	0.5
06/07/2026	2026	7	2	LUN	0	0	0	0	0
07/07/2026	2026	7	3	MAR	0	0	0	0	0
08/07/2026	2026	7	4	MIE	0	0	0	0	0
09/07/2026	2026	7	5	JUE	0	0	0	0	0
10/07/2026	2026	7	6	VIE	0.5	0	0	0	0.5
11/07/2026	2026	7	7	SAB	0.5	0	0	0	0.5
12/07/2026	2026	7	1	DOM	0.5	0	0	0	0.5
13/07/2026	2026	7	2	LUN	0	0	0	0	0
14/07/2026	2026	7	3	MAR	0	0	0	0	0
15/07/2026	2026	7	4	MIE	0	0	0	0	0
16/07/2026	2026	7	5	JUE	0	0	0	0	0
17/07/2026	2026	7	6	VIE	0.5	0	0	1	1.5
18/07/2026	2026	7	7	SAB	0.5	0	0	1	1.5
19/07/2026	2026	7	1	DOM	0.5	0	0	1	1.5
20/07/2026	2026	7	2	LUN	0	0	0	1	1
21/07/2026	2026	7	3	MAR	0	0	0	1	1
22/07/2026	2026	7	4	MIE	0	0	0	1	1
23/07/2026	2026	7	5	JUE	0	0	0	1	1
24/07/2026	2026	7	6	VIE	0.5	0	0	1	1.5
25/07/2026	2026	7	7	SAB	0.5	0	0	1	1.5
26/07/2026	2026	7	1	DOM	0.5	0	0	1	1.5
27/07/2026	2026	7	2	LUN	0	0	0	1	1
28/07/2026	2026	7	3	MAR	0	0	0	1	1
29/07/2026	2026	7	4	MIE	0	0	0	1	1
30/07/2026	2026	7	5	JUE	0	0	0	1	1
31/07/2026	2026	7	6	VIE	0.5	0.25	0	1	1.75
01/08/2026	2026	8	7	SAB	0.5	0	0	1	1.5
02/08/2026	2026	8	1	DOM	0.5	0	0	1	1.5
03/08/2026	2026	8	2	LUN	0	0	0	1	1
04/08/2026	2026	8	3	MAR	0	0	0	1	1
05/08/2026	2026	8	4	MIE	0	0	0	1	1
06/08/2026	2026	8	5	JUE	0	0	0	1	1
07/08/2026	2026	8	6	VIE	0.5	0	0	1	1.5
08/08/2026	2026	8	7	SAB	0.5	0	0	1	1.5
09/08/2026	2026	8	1	DOM	0.5	0	0	1	1.5
10/08/2026	2026	8	2	LUN	0	0	0	1	1
11/08/2026	2026	8	3	MAR	0	0	0	1	1
12/08/2026	2026	8	4	MIE	0	0	0	1	1
13/08/2026	2026	8	5	JUE	0	0	0	1	1
14/08/2026	2026	8	6	VIE	0.5	0	0	1	1.5
15/08/2026	2026	8	7	SAB	0.5	0	0	1	1.5
16/08/2026	2026	8	1	DOM	0.5	0	0	1	1.5
17/08/2026	2026	8	2	LUN	0	0	0	1	1
18/08/2026	2026	8	3	MAR	0	0	0	1	1
19/08/2026	2026	8	4	MIE	0	0	0	1	1
20/08/2026	2026	8	5	JUE	0	0	0	1	1
21/08/2026	2026	8	6	VIE	0.5	0	0	1	1.5
22/08/2026	2026	8	7	SAB	0.5	0	0	1	1.5
23/08/2026	2026	8	1	DOM	0.5	0	0	1	1.5
24/08/2026	2026	8	2	LUN	0	0	0	0	0
25/08/2026	2026	8	3	MAR	0	0	0	0	0
26/08/2026	2026	8	4	MIE	0	0	0	0	0
27/08/2026	2026	8	5	JUE	0	0	0	0	0
28/08/2026	2026	8	6	VIE	0.5	0.25	0	0	0.75
29/08/2026	2026	8	7	SAB	0.5	0	0	0	0.5
30/08/2026	2026	8	1	DOM	0.5	0	0	0	0.5
31/08/2026	2026	8	2	LUN	0	0	0	0	0
01/09/2026	2026	9	3	MAR	0	0	0	0	0
02/09/2026	2026	9	4	MIE	0	0	0	0	0
03/09/2026	2026	9	5	JUE	0	0	0	0	0
04/09/2026	2026	9	6	VIE	0.5	0	0	0	0.5
05/09/2026	2026	9	7	SAB	0.5	0	0	0	0.5
06/09/2026	2026	9	1	DOM	0.5	0	0	0	0.5
07/09/2026	2026	9	2	LUN	0	0	0	0	0
08/09/2026	2026	9	3	MAR	0	0	0	0	0
09/09/2026	2026	9	4	MIE	0	0	0	0	0
10/09/2026	2026	9	5	JUE	0	0	0	0	0
11/09/2026	2026	9	6	VIE	0.5	0	1.25	0	1.75
12/09/2026	2026	9	7	SAB	0.5	0	1.25	0	1.75
13/09/2026	2026	9	1	DOM	0.5	0	1.25	0	1.75
14/09/2026	2026	9	2	LUN	0	0	1.25	0	1.25
15/09/2026	2026	9	3	MAR	0	0	1.25	0	1.25
16/09/2026	2026	9	4	MIE	0	0	1.25	0	1.25
17/09/2026	2026	9	5	JUE	0	0	0	0	0
18/09/2026	2026	9	6	VIE	0.5	0	0	0	0.5
19/09/2026	2026	9	7	SAB	0.5	0	0	0	0.5
20/09/2026	2026	9	1	DOM	0.5	0	0	0	0.5
21/09/2026	2026	9	2	LUN	0	0	0	0	0
22/09/2026	2026	9	3	MAR	0	0	0	0	0
23/09/2026	2026	9	4	MIE	0	0	0	0	0
24/09/2026	2026	9	5	JUE	0	0	0	0	0
25/09/2026	2026	9	6	VIE	0.5	0.25	0	0	0.75
26/09/2026	2026	9	7	SAB	0.5	0	0	0	0.5
27/09/2026	2026	9	1	DOM	0.5	0	0	0	0.5
28/09/2026	2026	9	2	LUN	0	0	0	0	0
29/09/2026	2026	9	3	MAR	0	0	0	0	0
30/09/2026	2026	9	4	MIE	0	0	0	0	0
01/10/2026	2026	10	5	JUE	0	0	0	0	0
02/10/2026	2026	10	6	VIE	0.5	0	0	0	0.5
03/10/2026	2026	10	7	SAB	0.5	0	0	0	0.5
04/10/2026	2026	10	1	DOM	0.5	0	0	0	0.5
05/10/2026	2026	10	2	LUN	0	0	0	0	0
06/10/2026	2026	10	3	MAR	0	0	0	0	0
07/10/2026	2026	10	4	MIE	0	0	0	0	0
08/10/2026	2026	10	5	JUE	0	0	0	0	0
09/10/2026	2026	10	6	VIE	0.5	0	0	0	0.5
10/10/2026	2026	10	7	SAB	0.5	0	0	0	0.5
11/10/2026	2026	10	1	DOM	0.5	0	0	0	0.5
12/10/2026	2026	10	2	LUN	0	0	0	0	0
13/10/2026	2026	10	3	MAR	0	0	0	0	0
14/10/2026	2026	10	4	MIE	0	0	0	0	0
15/10/2026	2026	10	5	JUE	0	0	0	0	0
16/10/2026	2026	10	6	VIE	0.5	0	0	0	0.5
17/10/2026	2026	10	7	SAB	0.5	0	0	0	0.5
18/10/2026	2026	10	1	DOM	0.5	0	0	0	0.5
19/10/2026	2026	10	2	LUN	0	0	0	0	0
20/10/2026	2026	10	3	MAR	0	0	0	0	0
21/10/2026	2026	10	4	MIE	0	0	0	0	0
22/10/2026	2026	10	5	JUE	0	0	0	0	0
23/10/2026	2026	10	6	VIE	0.5	0	0	0	0.5
24/10/2026	2026	10	7	SAB	0.5	0	0	0	0.5
25/10/2026	2026	10	1	DOM	0.5	0	0	0	0.5
26/10/2026	2026	10	2	LUN	0	0	0	0	0
27/10/2026	2026	10	3	MAR	0	0	0	0	0
28/10/2026	2026	10	4	MIE	0	0	0	0	0
29/10/2026	2026	10	5	JUE	0	0	0	0	0
30/10/2026	2026	10	6	VIE	0.5	0.25	1.25	0	2
31/10/2026	2026	10	7	SAB	0.5	0	1.25	0	1.75
01/11/2026	2026	11	1	DOM	0.5	0	1.25	0	1.75
02/11/2026	2026	11	2	LUN	0	0	1.25	0	1.25
03/11/2026	2026	11	3	MAR	0	0	0	0	0
04/11/2026	2026	11	4	MIE	0	0	0	0	0
05/11/2026	2026	11	5	JUE	0	0	0	0	0
06/11/2026	2026	11	6	VIE	0.5	0	0	0	0.5
07/11/2026	2026	11	7	SAB	0.5	0	0	0	0.5
08/11/2026	2026	11	1	DOM	0.5	0	0	0	0.5
09/11/2026	2026	11	2	LUN	0	0	0	0	0
10/11/2026	2026	11	3	MAR	0	0	0	0	0
11/11/2026	2026	11	4	MIE	0	0	0	0	0
12/11/2026	2026	11	5	JUE	0	0	0	0	0
13/11/2026	2026	11	6	VIE	0.5	0	0	0	0.5
14/11/2026	2026	11	7	SAB	0.5	0	0	0	0.5
15/11/2026	2026	11	1	DOM	0.5	0	0	0	0.5
16/11/2026	2026	11	2	LUN	0	0	0	0	0
17/11/2026	2026	11	3	MAR	0	0	0	0	0
18/11/2026	2026	11	4	MIE	0	0	0	0	0
19/11/2026	2026	11	5	JUE	0	0	0	0	0
20/11/2026	2026	11	6	VIE	0.5	0	1.25	0	1.75
21/11/2026	2026	11	7	SAB	0.5	0	0	0	0.5
22/11/2026	2026	11	1	DOM	0.5	0	0	0	0.5
23/11/2026	2026	11	2	LUN	0	0	0	0	0
24/11/2026	2026	11	3	MAR	0	0	0	0	0
25/11/2026	2026	11	4	MIE	0	0	0	0	0
26/11/2026	2026	11	5	JUE	0	0	0	0	0
27/11/2026	2026	11	6	VIE	0.5	0.25	0	0	0.75
28/11/2026	2026	11	7	SAB	0.5	0	0	0	0.5
29/11/2026	2026	11	1	DOM	0.5	0	0	0	0.5
30/11/2026	2026	11	2	LUN	0	0	0	0	0
01/12/2026	2026	12	3	MAR	0	0	0	0	0
02/12/2026	2026	12	4	MIE	0	0	0	0	0
03/12/2026	2026	12	5	JUE	0	0	0	0	0
04/12/2026	2026	12	6	VIE	0.5	0	0	0	0.5
05/12/2026	2026	12	7	SAB	0.5	0	0	0	0.5
06/12/2026	2026	12	1	DOM	0.5	0	0	0	0.5
07/12/2026	2026	12	2	LUN	0	0	0	0	0
08/12/2026	2026	12	3	MAR	0	0	0	0	0
09/12/2026	2026	12	4	MIE	0	0	0	0	0
10/12/2026	2026	12	5	JUE	0	0	0	0	0
11/12/2026	2026	12	6	VIE	0.5	0	0	0	0.5
12/12/2026	2026	12	7	SAB	0.5	0	0	0	0.5
13/12/2026	2026	12	1	DOM	0.5	0	0	0	0.5
14/12/2026	2026	12	2	LUN	0	0	0	0	0
15/12/2026	2026	12	3	MAR	0	0	0	0	0
16/12/2026	2026	12	4	MIE	0	0	0	0	0
17/12/2026	2026	12	5	JUE	0	0	0	0	0
18/12/2026	2026	12	6	VIE	0.5	0	1.25	1	2.75
19/12/2026	2026	12	7	SAB	0.5	0	1.25	1	2.75
20/12/2026	2026	12	1	DOM	0.5	0	1.25	1	2.75
21/12/2026	2026	12	2	LUN	0	0	1.25	1	2.25
22/12/2026	2026	12	3	MAR	0	0	1.25	1	2.25
23/12/2026	2026	12	4	MIE	0	0	1.25	1	2.25
24/12/2026	2026	12	5	JUE	0	0	1.25	1	2.25
25/12/2026	2026	12	6	VIE	0.5	0	1.25	1	2.75
26/12/2026	2026	12	7	SAB	0.5	0	1.25	1	2.75
27/12/2026	2026	12	1	DOM	0.5	0	1.25	1	2.75
28/12/2026	2026	12	2	LUN	0	0	1.25	1	2.25
29/12/2026	2026	12	3	MAR	0	0	1.25	1	2.25
30/12/2026	2026	12	4	MIE	0	0	1.25	1	2.25
31/12/2026	2026	12	5	JUE	0	0	1.25	1	2.25
